600.000000	-1.788150E-7	2.980250E-7	0.002808	0.000122	-6.368895E-5
604.000000	-4.172340E-7	2.384200E-7	0.003174	0.000122	-0.000131
608.000000	-1.788150E-7	-2.384200E-7	0.003113	0.000122	-5.744488E-5
612.000000	7.152590E-7	-3.576300E-7	0.002991	0.000122	0.000239
616.000000	9.536820E-7	1.788150E-7	0.002747	0.000122	0.000347
620.000000	5.960510E-8	-8.344690E-7	0.002686	0.000122	2.219466E-5
624.000000	-1.192100E-7	-8.940730E-7	0.002563	0.000122	-4.650301E-5
628.000000	1.311310E-6	-4.768410E-7	0.002380	0.000122	0.000551
632.000000	-4.172340E-7	-1.788150E-7	0.002319	0.000122	-0.000180
636.000000	-2.980250E-7	0.000000	0.002258	6.103560E-5	-0.000132
640.000000	2.384200E-7	5.364450E-7	0.002197	6.103560E-5	0.000109
644.000000	-1.013290E-6	6.556550E-7	0.002197	6.103560E-5	-0.000461
648.000000	-2.384200E-7	6.556550E-7	0.002197	6.103560E-5	-0.000109
652.000000	-1.788150E-7	1.788150E-7	0.002258	6.103560E-5	-7.918054E-5
656.000000	3.576300E-7	-4.768410E-7	0.002319	6.103560E-5	0.000154
660.000000	1.132500E-6	-1.072890E-6	0.002563	6.103560E-5	0.000442
664.000000	2.384200E-7	-4.172340E-7	0.002747	6.103560E-5	8.680550E-5
668.000000	6.556550E-7	-1.192100E-6	0.002991	0.000000	0.000219
672.000000	1.192100E-7	-8.344690E-7	0.003174	0.000000	3.756018E-5
676.000000	4.768410E-7	-6.556550E-7	0.003479	0.000000	0.000137
680.000000	-5.960510E-8	0.000000	0.003845	0.000000	-1.550105E-5
684.000000	-5.960510E-8	1.192100E-7	0.004272	0.000000	-1.395090E-5
688.000000	-2.384200E-7	1.788150E-7	0.004700	0.000000	-5.073047E-5
692.000000	7.748640E-7	-3.576300E-7	0.005127	0.000000	0.000151
696.000000	2.980250E-7	-5.960500E-7	0.005676	0.000000	5.250339E-5
700.000000	3.576300E-7	-4.768410E-7	0.006348	0.000000	5.634018E-5
704.000000	0.000000	-8.940730E-7	0.007080	0.000000	0.000000
708.000000	1.788150E-7	-4.768410E-7	0.007751	0.000000	2.306847E-5
712.000000	5.960510E-8	4.768410E-7	0.008484	0.000000	7.025631E-6
716.000000	4.172340E-7	1.788150E-7	0.009277	0.000000	4.497316E-5
720.000000	4.768410E-7	-8.344690E-7	0.010315	0.000000	4.622792E-5
724.000000	5.960500E-7	-2.980250E-7	0.011353	0.000000	5.250339E-5
728.000000	-2.384200E-7	-3.576300E-7	0.012329	0.000000	-1.933783E-5
732.000000	1.788150E-7	2.980250E-7	0.013245	0.000000	1.350087E-5
736.000000	5.960510E-8	-1.013290E-6	0.014343	0.000000	4.155606E-6
740.000000	2.384200E-7	-1.132500E-6	0.015686	0.000000	1.519935E-5
744.000000	1.013290E-6	-1.668940E-6	0.017090	6.103560E-5	5.929140E-5
748.000000	3.576300E-7	-1.966970E-6	0.018311	6.103560E-5	1.953120E-5
752.000000	7.152590E-7	-1.370910E-6	0.019531	6.103560E-5	3.662098E-5
756.000000	4.768410E-7	-1.490120E-6	0.020752	0.000122	2.297796E-5
760.000000	1.549730E-6	-1.549730E-6	0.022156	0.000122	6.994661E-5
764.000000	7.748640E-7	-2.145780E-6	0.023926	0.000183	3.238599E-5
768.000000	7.152590E-7	-2.086180E-6	0.025696	0.000183	2.783553E-5
772.000000	1.132500E-6	-2.086180E-6	0.027161	0.000183	4.169612E-5
776.000000	1.132500E-6	-2.026570E-6	0.028504	0.000244	3.973196E-5
780.000000	5.364450E-7	-2.384200E-6	0.029968	0.000244	1.790036E-5
784.000000	1.609330E-6	-2.145780E-6	0.032349	0.000366	4.974914E-5
788.000000	1.609330E-6	-2.622620E-6	0.034790	0.000427	4.625801E-5
792.000000	1.788150E-6	-3.039850E-6	0.036987	0.000427	4.834471E-5
796.000000	1.311310E-6	-3.278270E-6	0.039063	0.000488	3.356936E-5
800.000000	1.370910E-6	-3.278270E-6	0.040894	0.000488	3.352366E-5
804.000000	2.384200E-6	-2.801430E-6	0.042542	0.000549	5.604383E-5
808.000000	1.966970E-6	-3.457080E-6	0.045227	0.000610	4.349077E-5
812.000000	1.430520E-6	-3.635900E-6	0.048035	0.000732	2.978085E-5
816.000000	1.668940E-6	-3.635900E-6	0.050842	0.000793	3.282569E-5
820.000000	2.980250E-6	-3.755110E-6	0.053955	0.000793	5.523554E-5
824.000000	3.218670E-6	-3.874330E-6	0.056824	0.000854	5.664279E-5
828.000000	1.788150E-6	-3.933940E-6	0.059449	0.000916	3.007898E-5
832.000000	1.430520E-6	-4.053140E-6	0.062195	0.000977	2.300053E-5
836.000000	2.026570E-6	-4.649190E-6	0.065186	0.001099	3.108904E-5
840.000000	2.920640E-6	-3.635900E-6	0.069275	0.001160	4.215984E-5
844.000000	3.278270E-6	-4.887610E-6	0.074280	0.001282	4.413377E-5
848.000000	3.457080E-6	-5.543260E-6	0.079895	0.001465	4.327002E-5
852.000000	2.622620E-6	-5.483660E-6	0.086121	0.001587	3.045270E-5
856.000000	3.516690E-6	-5.364450E-6	0.092408	0.001709	3.805624E-5
860.000000	3.874330E-6	-5.483660E-6	0.098694	0.001831	3.925586E-5
864.000000	3.695500E-6	-7.391010E-6	0.105591	0.002014	3.499825E-5
868.000000	4.410770E-6	-6.973770E-6	0.113221	0.002258	3.895717E-5
872.000000	4.887610E-6	-7.510210E-6	0.121705	0.002502	4.015948E-5
876.000000	4.529980E-6	-7.987080E-6	0.131593	0.002747	3.442417E-5
880.000000	4.589590E-6	-7.391010E-6	0.142152	0.003113	3.228650E-5
884.000000	5.066420E-6	-8.702340E-6	0.152894	0.003479	3.313681E-5
888.000000	6.079700E-6	-9.954030E-6	0.164857	0.003906	3.687863E-5
892.000000	5.424050E-6	-8.940750E-6	0.179200	0.004517	3.026814E-5
896.000000	5.543260E-6	-1.007320E-5	0.189515	0.004761	2.924972E-5
900.000000	6.854560E-6	-1.132490E-5	0.197389	0.004700	3.472615E-5
904.000000	8.285100E-6	-1.233820E-5	0.206117	0.004578	4.019610E-5
908.000000	8.106290E-6	-1.233820E-5	0.215333	0.004578	3.764537E-5
912.000000	8.583130E-6	-1.370910E-5	0.226136	0.004517	3.795561E-5
916.000000	9.477200E-6	-1.370910E-5	0.237855	0.004456	3.984444E-5
920.000000	1.084810E-5	-1.519920E-5	0.250246	0.004395	4.334974E-5
924.000000	1.126530E-5	-1.674900E-5	0.263857	0.004211	4.269472E-5
928.000000	1.162300E-5	-1.758350E-5	0.277407	0.004089	4.189873E-5
932.000000	1.204020E-5	-1.859680E-5	0.287050	0.003845	4.194461E-5
936.000000	1.293430E-5	-1.901400E-5	0.295900	0.003845	4.371173E-5
940.000000	1.311310E-5	-2.020610E-5	0.307131	0.004028	4.269546E-5
944.000000	1.329190E-5	-2.014650E-5	0.316469	0.004211	4.200064E-5
948.000000	1.400710E-5	-2.217300E-5	0.329653	0.004517	4.249044E-5
952.000000	1.466280E-5	-2.193460E-5	0.345400	0.004822	4.245165E-5
956.000000	1.585500E-5	-2.300750E-5	0.360292	0.005188	4.400597E-5
960.000000	1.603380E-5	-2.354400E-5	0.373781	0.005493	4.289624E-5
964.000000	1.722590E-5	-2.330550E-5	0.385805	0.006043	4.464924E-5
968.000000	1.692780E-5	-2.378240E-5	0.396608	0.006714	4.268144E-5
972.000000	1.788150E-5	-2.408040E-5	0.406679	0.007385	4.396957E-5
976.000000	1.728550E-5	-2.503410E-5	0.417299	0.008301	4.142234E-5
980.000000	1.794110E-5	-2.396120E-5	0.429384	0.009277	4.178335E-5
984.000000	1.835830E-5	-2.521290E-5	0.441957	0.010376	4.153866E-5
988.000000	1.871600E-5	-2.586850E-5	0.455690	0.011475	4.107178E-5
992.000000	1.978890E-5	-2.634540E-5	0.469240	0.012573	4.217224E-5
996.000000	1.859680E-5	-2.557050E-5	0.481447	0.013672	3.862689E-5
1000.000000	1.978890E-5	-2.586850E-5	0.492678	0.014710	4.016599E-5
1004.000000	1.990810E-5	-2.551090E-5	0.503544	0.015808	3.953597E-5
1008.000000	1.519920E-5	-1.847760E-5	0.368166	0.025818	4.128355E-5
1012.000000	1.645100E-5	-2.193460E-5	0.442080	0.023682	3.721272E-5
1016.000000	1.776230E-5	-2.348430E-5	0.491579	0.021545	3.613315E-5
1020.000000	1.859680E-5	-2.491490E-5	0.521976	0.022095	3.562769E-5
1024.000000	1.961000E-5	-2.545130E-5	0.544682	0.022766	3.600266E-5
1028.000000	1.966960E-5	-2.557050E-5	0.560673	0.022522	3.508212E-5
1032.000000	2.115980E-5	-2.568970E-5	0.569706	0.022888	3.714161E-5
1036.000000	2.002730E-5	-2.545130E-5	0.577885	0.024292	3.465620E-5
1040.000000	2.127900E-5	-2.551090E-5	0.589115	0.025757	3.612028E-5
1044.000000	2.181540E-5	-2.473600E-5	0.601871	0.026672	3.624597E-5
1048.000000	2.098100E-5	-2.664340E-5	0.611759	0.027161	3.429619E-5
1052.000000	2.062330E-5	-2.634540E-5	0.619267	0.027832	3.330276E-5
1056.000000	2.145780E-5	-2.568970E-5	0.626286	0.028687	3.426198E-5
1060.000000	2.127900E-5	-2.652420E-5	0.633854	0.029602	3.357082E-5
1064.000000	2.151740E-5	-2.628580E-5	0.641361	0.030396	3.354959E-5
1068.000000	2.175580E-5	-2.574930E-5	0.647709	0.030945	3.358885E-5
1072.000000	2.229230E-5	-2.568970E-5	0.653019	0.031555	3.413729E-5
1076.000000	2.151740E-5	-2.557050E-5	0.657902	0.032288	3.270609E-5
1080.000000	2.104060E-5	-2.485530E-5	0.663334	0.033264	3.171947E-5
1084.000000	2.223260E-5	-2.497450E-5	0.669621	0.033997	3.320177E-5
1088.000000	2.229230E-5	-2.491490E-5	0.676090	0.034607	3.297239E-5
1092.000000	2.157700E-5	-2.443800E-5	0.680729	0.034851	3.169690E-5
1096.000000	2.104060E-5	-2.437840E-5	0.683903	0.035279	3.076547E-5
1100.000000	2.068290E-5	-2.408040E-5	0.687138	0.035950	3.010007E-5
1104.000000	2.068290E-5	-2.461680E-5	0.691532	0.036743	2.990881E-5
1108.000000	2.157700E-5	-2.485530E-5	0.696842	0.037354	3.096398E-5
1112.000000	2.098100E-5	-2.378240E-5	0.699162	0.037537	3.000878E-5
1116.000000	2.145780E-5	-2.408040E-5	0.694035	0.037110	3.091746E-5
1120.000000	1.937160E-5	-2.419960E-5	0.683781	0.036560	2.833012E-5
1124.000000	1.877560E-5	-2.300750E-5	0.681828	0.036987	2.753715E-5
1128.000000	2.020610E-5	-2.348430E-5	0.688114	0.038086	2.936447E-5
1132.000000	2.086170E-5	-2.396120E-5	0.687321	0.037964	3.035219E-5
1136.000000	1.919280E-5	-2.443800E-5	0.701054	0.039124	2.737706E-5
1140.000000	1.984850E-5	-2.408040E-5	0.710941	0.040161	2.791863E-5
1144.000000	1.913320E-5	-2.259030E-5	0.707035	0.040039	2.706118E-5
1148.000000	1.990810E-5	-2.324590E-5	0.712467	0.040589	2.794249E-5
1152.000000	1.949080E-5	-2.306710E-5	0.719730	0.041138	2.708071E-5
1156.000000	1.895440E-5	-2.264990E-5	0.727055	0.041626	2.607010E-5
1160.000000	1.841800E-5	-2.342470E-5	0.748661	0.043091	2.460125E-5
1164.000000	1.841800E-5	-2.491490E-5	0.760990	0.044007	2.420268E-5
1168.000000	1.955040E-5	-2.473600E-5	0.765324	0.044617	2.554526E-5
1172.000000	1.913320E-5	-2.437840E-5	0.769596	0.045166	2.486136E-5
1176.000000	1.889480E-5	-2.467640E-5	0.773014	0.045349	2.444302E-5
1180.000000	1.931200E-5	-2.443800E-5	0.774052	0.045227	2.494923E-5
1184.000000	1.853720E-5	-2.360360E-5	0.772892	0.045044	2.398420E-5
1188.000000	1.782190E-5	-2.264990E-5	0.770634	0.045227	2.312628E-5
1192.000000	1.919280E-5	-2.366320E-5	0.784672	0.046875	2.445965E-5
1196.000000	1.710660E-5	-2.396120E-5	0.793522	0.048157	2.155781E-5
1200.000000	1.817950E-5	-2.294790E-5	0.797001	0.048828	2.280988E-5
1204.000000	1.811990E-5	-2.390160E-5	0.801212	0.049256	2.261561E-5
1208.000000	1.794110E-5	-2.384200E-5	0.802494	0.048950	2.235668E-5
1212.000000	1.794110E-5	-2.384200E-5	0.800602	0.048523	2.240951E-5
1216.000000	1.651060E-5	-2.408040E-5	0.798100	0.048706	2.068738E-5
1220.000000	1.674900E-5	-2.515330E-5	0.795719	0.048950	2.104889E-5
1224.000000	1.603380E-5	-2.479560E-5	0.793888	0.049500	2.019655E-5
1228.000000	1.561650E-5	-2.449760E-5	0.793583	0.049988	1.967847E-5
1232.000000	1.609340E-5	-2.378240E-5	0.790409	0.049927	2.036085E-5
1236.000000	1.531850E-5	-2.306710E-5	0.781193	0.049256	1.960911E-5
1240.000000	1.591460E-5	-2.288830E-5	0.769169	0.048584	2.069064E-5
1244.000000	1.496080E-5	-2.241150E-5	0.759892	0.048218	1.968806E-5
1248.000000	1.466280E-5	-2.306710E-5	0.756046	0.048279	1.939406E-5
1252.000000	1.388790E-5	-2.110020E-5	0.758488	0.049072	1.830998E-5
1256.000000	1.382830E-5	-2.151740E-5	0.764469	0.049988	1.808876E-5
1260.000000	1.412640E-5	-2.330550E-5	0.771061	0.050537	1.832073E-5
1264.000000	1.418600E-5	-2.270950E-5	0.777287	0.051026	1.825066E-5
1268.000000	1.424560E-5	-2.241150E-5	0.781010	0.051209	1.823997E-5
1272.000000	1.448400E-5	-2.151740E-5	0.781559	0.051026	1.853219E-5
1276.000000	1.442440E-5	-2.169620E-5	0.780888	0.051331	1.847179E-5
1280.000000	1.382830E-5	-2.211340E-5	0.780949	0.051697	1.770705E-5
1284.000000	1.227860E-5	-2.247110E-5	0.780643	0.051758	1.572883E-5
1288.000000	1.287470E-5	-2.181540E-5	0.779362	0.051758	1.651954E-5
1292.000000	1.323230E-5	-2.205380E-5	0.778324	0.051880	1.700102E-5
1296.000000	1.156340E-5	-2.121940E-5	0.776615	0.051697	1.488949E-5
1300.000000	1.239780E-5	-1.966960E-5	0.772953	0.051392	1.603953E-5
1304.000000	1.198060E-5	-2.020610E-5	0.768497	0.051209	1.558965E-5
1308.000000	1.156340E-5	-1.990810E-5	0.763859	0.051270	1.513813E-5
1312.000000	1.221900E-5	-1.990810E-5	0.759769	0.051392	1.608252E-5
1316.000000	1.221900E-5	-1.966960E-5	0.757084	0.051453	1.613956E-5
1320.000000	1.215940E-5	-1.955040E-5	0.756962	0.051331	1.606342E-5
1324.000000	1.221900E-5	-1.990810E-5	0.755802	0.050842	1.616693E-5
1328.000000	1.311310E-5	-1.937160E-5	0.749454	0.050354	1.749687E-5
1332.000000	1.174220E-5	-1.835830E-5	0.741093	0.049805	1.584444E-5
1336.000000	1.043090E-5	-1.841800E-5	0.730717	0.049317	1.427488E-5
1340.000000	1.055010E-5	-1.770270E-5	0.717899	0.048462	1.469580E-5
1344.000000	1.132490E-5	-1.662980E-5	0.696537	0.047058	1.625886E-5
1348.000000	1.031170E-5	-1.597420E-5	0.663090	0.045227	1.555098E-5
1352.000000	8.940750E-6	-1.293430E-5	0.597965	0.040344	1.495196E-5
1356.000000	7.212190E-6	-1.132490E-5	0.558170	0.037842	1.292114E-5
1360.000000	6.616140E-6	-1.001360E-5	0.498903	0.035340	1.326138E-5
1364.000000	6.616140E-6	-1.084810E-5	0.492800	0.034363	1.342561E-5
1368.000000	6.496940E-6	-1.019250E-5	0.465151	0.031677	1.396738E-5
1372.000000	5.543260E-6	-8.344710E-6	0.396914	0.027100	1.396590E-5
1376.000000	3.397480E-6	-5.662470E-6	0.278505	0.019653	1.219899E-5
1380.000000	2.801430E-6	-3.874330E-6	0.177308	0.013794	1.579979E-5
1384.000000	3.218670E-6	-3.933940E-6	0.172669	0.014221	1.864069E-5
1388.000000	2.980250E-6	-5.185630E-6	0.215821	0.017273	1.380890E-5
1392.000000	2.920640E-6	-5.245240E-6	0.244020	0.018616	1.196886E-5
1396.000000	4.291560E-6	-4.947210E-6	0.301455	0.021851	1.423615E-5
1400.000000	4.231960E-6	-6.377730E-6	0.376223	0.027100	1.124854E-5
1404.000000	3.874330E-6	-7.808270E-6	0.413149	0.029968	9.377561E-6
1408.000000	4.947210E-6	-8.225500E-6	0.459658	0.033508	1.076281E-5
1412.000000	5.364450E-6	-8.285100E-6	0.488344	0.035279	1.098498E-5
1416.000000	6.258520E-6	-9.000360E-6	0.511967	0.035767	1.222446E-5
1420.000000	6.973770E-6	-9.656010E-6	0.548954	0.037781	1.270374E-5
1424.000000	6.675750E-6	-1.060970E-5	0.579594	0.039856	1.151798E-5
1428.000000	6.794960E-6	-1.007320E-5	0.593693	0.040528	1.144524E-5
1432.000000	6.258520E-6	-1.060970E-5	0.604313	0.041077	1.035642E-5
1436.000000	6.198910E-6	-1.066930E-5	0.611454	0.041382	1.013798E-5
1440.000000	6.556540E-6	-1.049050E-5	0.618595	0.041443	1.059908E-5
1444.000000	5.543260E-6	-9.715620E-6	0.618656	0.041565	8.960165E-6
1448.000000	6.198910E-6	-1.037130E-5	0.617191	0.040772	1.004375E-5
1452.000000	6.496940E-6	-1.168260E-5	0.629581	0.041443	1.031947E-5
1456.000000	7.927480E-6	-1.150380E-5	0.639408	0.042298	1.239816E-5
1460.000000	7.450610E-6	-1.108650E-5	0.654301	0.043274	1.138713E-5
1464.000000	7.331400E-6	-1.209980E-5	0.657597	0.043457	1.114877E-5
1468.000000	7.629450E-6	-1.084810E-5	0.648808	0.042664	1.175918E-5
1472.000000	7.569820E-6	-1.114610E-5	0.656315	0.043274	1.153382E-5
1476.000000	8.165890E-6	-1.120570E-5	0.656498	0.043152	1.243856E-5
1480.000000	7.212190E-6	-1.144420E-5	0.654423	0.042786	1.102069E-5
1484.000000	7.331400E-6	-1.060970E-5	0.652042	0.042114	1.124375E-5
1488.000000	7.152590E-6	-1.126530E-5	0.649845	0.041809	1.100661E-5
1492.000000	7.212190E-6	-1.084810E-5	0.646854	0.041992	1.114964E-5
1496.000000	6.675750E-6	-1.162300E-5	0.642033	0.041992	1.039783E-5
1500.000000	6.854560E-6	-1.150380E-5	0.636784	0.041687	1.076434E-5
1504.000000	6.854560E-6	-1.120570E-5	0.632938	0.041626	1.082975E-5
1508.000000	7.092980E-6	-1.066930E-5	0.630497	0.041687	1.124982E-5
1512.000000	7.152590E-6	-1.049050E-5	0.627811	0.041565	1.139290E-5
1516.000000	6.973770E-6	-1.055010E-5	0.624454	0.041138	1.116779E-5
1520.000000	6.198910E-6	-1.156340E-5	0.620487	0.040650	9.990395E-6
1524.000000	6.854560E-6	-1.168260E-5	0.615788	0.040222	1.113136E-5
1528.000000	5.781680E-6	-9.298380E-6	0.610783	0.039795	9.466013E-6
1532.000000	5.543260E-6	-1.049050E-5	0.604740	0.039185	9.166352E-6
1536.000000	5.722080E-6	-9.596410E-6	0.598026	0.038758	9.568280E-6
1540.000000	6.854560E-6	-1.019250E-5	0.591312	0.038330	1.159212E-5
1544.000000	6.675750E-6	-9.417590E-6	0.585148	0.038147	1.140865E-5
1548.000000	6.616140E-6	-9.834820E-6	0.579838	0.038208	1.141032E-5
1552.000000	6.616140E-6	-9.834820E-6	0.575321	0.038086	1.149991E-5
1556.000000	7.748660E-6	-9.000360E-6	0.571049	0.037842	1.356917E-5
1560.000000	7.331400E-6	-8.404310E-6	0.567265	0.037598	1.292412E-5
1564.000000	6.616140E-6	-8.642730E-6	0.563541	0.037354	1.174030E-5
1568.000000	6.258520E-6	-9.119570E-6	0.563297	0.037415	1.111052E-5
1572.000000	5.841280E-6	-9.238780E-6	0.560307	0.037110	1.042514E-5
1576.000000	6.198910E-6	-8.821550E-6	0.554630	0.036621	1.117666E-5
1580.000000	6.794960E-6	-9.417590E-6	0.548527	0.036072	1.238765E-5
1584.000000	6.318120E-6	-9.357990E-6	0.542240	0.035828	1.165189E-5
1588.000000	6.675750E-6	-9.238780E-6	0.548222	0.036377	1.217709E-5
1592.000000	5.185630E-6	-8.046690E-6	0.548038	0.036499	9.462172E-6
1596.000000	5.841280E-6	-8.404310E-6	0.541691	0.036194	1.078342E-5
1600.000000	5.543260E-6	-8.642730E-6	0.536015	0.036011	1.034161E-5
1604.000000	5.424050E-6	-8.165890E-6	0.530827	0.035950	1.021811E-5
1608.000000	5.185630E-6	-7.092980E-6	0.525700	0.035767	9.864238E-6
1612.000000	5.424050E-6	-8.285100E-6	0.520329	0.035340	1.042427E-5
1616.000000	5.602870E-6	-7.629450E-6	0.515079	0.034912	1.087769E-5
1620.000000	6.079700E-6	-7.510210E-6	0.510014	0.034668	1.192065E-5
1624.000000	4.768400E-6	-6.735350E-6	0.504765	0.034485	9.446772E-6
1628.000000	4.291560E-6	-6.675750E-6	0.499331	0.034119	8.594620E-6
1632.000000	4.172350E-6	-6.735350E-6	0.492861	0.033753	8.465571E-6
1636.000000	5.126030E-6	-6.794960E-6	0.485537	0.033081	1.055744E-5
1640.000000	5.126030E-6	-6.556540E-6	0.477541	0.032471	1.073422E-5
1644.000000	5.006820E-6	-5.900890E-6	0.468874	0.031861	1.067839E-5
1648.000000	4.410770E-6	-6.377730E-6	0.459291	0.031311	9.603432E-6
1652.000000	3.516690E-6	-6.198910E-6	0.448000	0.030518	7.849754E-6
1656.000000	3.993540E-6	-5.424050E-6	0.434023	0.029419	9.201217E-6
1660.000000	4.231960E-6	-5.602870E-6	0.415895	0.027893	1.017555E-5
1664.000000	3.874330E-6	-4.470380E-6	0.398561	0.026245	9.720796E-6
1668.000000	2.741830E-6	-4.112750E-6	0.369631	0.023926	7.417749E-6
1672.000000	3.159060E-6	-3.755110E-6	0.330080	0.021118	9.570589E-6
1676.000000	2.205390E-6	-3.874330E-6	0.286257	0.018189	7.704231E-6
1680.000000	1.728540E-6	-2.503410E-6	0.242921	0.015442	7.115647E-6
1684.000000	1.370910E-6	-2.443800E-6	0.203858	0.013000	6.724828E-6
1688.000000	1.192100E-6	-2.741830E-6	0.170106	0.010925	7.007983E-6
1692.000000	1.847750E-6	-1.370910E-6	0.141725	0.009155	1.303757E-5
1696.000000	1.609330E-6	-1.370910E-6	0.118104	0.007629	1.362638E-5
1700.000000	1.728540E-6	-1.251700E-6	0.099244	0.006409	1.741714E-5
1704.000000	7.152590E-7	-1.251700E-6	0.083741	0.005432	8.541354E-6
1708.000000	1.549730E-6	-1.668940E-6	0.070740	0.004578	2.190735E-5
1712.000000	1.728540E-6	-9.536820E-7	0.059998	0.003906	2.881006E-5
1716.000000	1.728540E-6	-9.536820E-7	0.051087	0.003357	3.383542E-5
1720.000000	8.940730E-7	-1.370910E-6	0.043640	0.002869	2.048728E-5
1724.000000	4.172340E-7	-1.549730E-6	0.037293	0.002441	1.118809E-5
1728.000000	9.536820E-7	-1.370910E-6	0.031861	0.002075	2.993296E-5
1732.000000	1.370910E-6	-1.549730E-6	0.027161	0.001831	5.047384E-5
1736.000000	5.960500E-7	-1.192100E-6	0.023132	0.001526	2.576689E-5
1740.000000	2.384200E-7	-3.576300E-7	0.019898	0.001343	1.198235E-5
1744.000000	1.192100E-6	-4.172340E-7	0.017029	0.001160	7.000452E-5
1748.000000	1.013290E-6	-5.364450E-7	0.014465	0.000977	7.004922E-5
1752.000000	9.536820E-7	-9.536820E-7	0.012268	0.000854	7.773673E-5
1756.000000	7.748640E-7	-3.576300E-7	0.010376	0.000732	7.467849E-5
1760.000000	6.556550E-7	-7.748640E-7	0.008850	0.000610	7.408397E-5
1764.000000	7.748640E-7	-3.576300E-7	0.007507	0.000549	0.000103
1768.000000	9.536820E-7	8.940730E-7	0.006409	0.000427	0.000149
1772.000000	1.013290E-6	8.344690E-7	0.005554	0.000366	0.000182
1776.000000	-1.192100E-7	-1.907360E-6	0.004761	0.000366	-2.504007E-5
1780.000000	1.192100E-7	-4.768410E-7	0.004089	0.000244	2.915105E-5
1784.000000	0.000000	-1.192100E-7	0.003540	0.000244	0.000000
1788.000000	-1.192100E-7	0.000000	0.003113	0.000183	-3.829659E-5
1792.000000	-2.980250E-7	5.960510E-8	0.002686	0.000183	-0.000111
1796.000000	3.576300E-7	-4.768410E-7	0.002319	0.000122	0.000154
1800.000000	1.490120E-6	-7.152590E-7	0.002014	0.000122	0.000740
1804.000000	9.536820E-7	-1.013290E-6	0.001831	0.000122	0.000521
1808.000000	-3.576300E-7	-9.536820E-7	0.001587	0.000122	-0.000225
1812.000000	0.000000	-6.556550E-7	0.001404	6.103560E-5	0.000000
1816.000000	1.192100E-7	-1.311310E-6	0.001160	6.103560E-5	0.000103
1820.000000	-1.192100E-7	-1.013290E-6	0.001099	6.103560E-5	-0.000109
1824.000000	4.768410E-7	-1.788150E-7	0.000977	6.103560E-5	0.000488
1828.000000	2.384200E-7	-7.152590E-7	0.000916	6.103560E-5	0.000260
1832.000000	2.384200E-7	-2.980250E-7	0.000732	6.103560E-5	0.000326
1836.000000	3.576300E-7	-4.768410E-7	0.000610	0.000000	0.000586
1840.000000	-1.072890E-6	-2.384200E-7	0.000732	6.103560E-5	-0.001465
1844.000000	-5.960500E-7	-1.311310E-6	0.000610	6.103560E-5	-0.000977
1848.000000	4.172340E-7	-7.152590E-7	0.000549	0.000000	0.000760
