600.000000	5.960500E-7	-2.384200E-7	0.001282	0.000000	0.000465
604.000000	4.768410E-7	2.980250E-7	0.001526	0.000000	0.000313
608.000000	5.960510E-8	-3.576300E-7	0.001465	0.000000	4.069024E-5
612.000000	5.364450E-7	-1.430520E-6	0.001404	0.000000	0.000382
616.000000	5.960500E-7	-1.609330E-6	0.001282	0.000000	0.000465
620.000000	7.152590E-7	-8.344690E-7	0.001282	0.000000	0.000558
624.000000	1.192100E-6	-4.172340E-7	0.001221	0.000000	0.000977
628.000000	-1.192100E-7	-6.556550E-7	0.001160	0.000000	-0.000103
632.000000	-1.788150E-7	-9.536820E-7	0.001099	0.000000	-0.000163
636.000000	-6.556550E-7	-1.013290E-6	0.001038	0.000000	-0.000632
640.000000	1.788150E-7	-3.576300E-7	0.001038	0.000000	0.000172
644.000000	-8.344690E-7	-4.768410E-7	0.000977	0.000000	-0.000854
648.000000	7.152590E-7	-1.788150E-7	0.000977	0.000000	0.000732
652.000000	8.940730E-7	-5.960510E-8	0.001038	0.000000	0.000862
656.000000	4.768410E-7	-2.384200E-7	0.001099	0.000000	0.000434
660.000000	8.940730E-7	-7.748640E-7	0.001160	-6.103560E-5	0.000771
664.000000	5.960510E-8	-1.847750E-6	0.001282	-6.103560E-5	4.650291E-5
668.000000	-1.788150E-7	-8.344690E-7	0.001404	-6.103560E-5	-0.000127
672.000000	5.364450E-7	-1.251700E-6	0.001526	-6.103560E-5	0.000352
676.000000	8.940730E-7	-1.072890E-6	0.001648	-0.000122	0.000543
680.000000	1.907360E-6	-4.172340E-7	0.001831	-0.000122	0.001042
684.000000	1.132500E-6	0.000000	0.002014	-0.000122	0.000562
688.000000	7.748640E-7	2.980250E-7	0.002197	-0.000122	0.000353
692.000000	1.549730E-6	-2.384200E-7	0.002380	-0.000122	0.000651
696.000000	1.430520E-6	5.960500E-7	0.002686	-0.000122	0.000533
700.000000	2.384200E-6	-9.536820E-7	0.002991	-0.000183	0.000797
704.000000	1.311310E-6	-1.370910E-6	0.003296	-0.000183	0.000398
708.000000	1.311310E-6	-1.966970E-6	0.003601	-0.000183	0.000364
712.000000	1.192100E-6	-1.788150E-6	0.003906	-0.000183	0.000305
716.000000	1.490120E-6	-1.192100E-6	0.004272	-0.000183	0.000349
720.000000	9.536820E-7	-1.668940E-6	0.004761	-0.000244	0.000200
724.000000	1.251700E-6	-7.748640E-7	0.005188	-0.000244	0.000241
728.000000	1.907360E-6	-5.364450E-7	0.005615	-0.000244	0.000340
732.000000	1.609330E-6	-5.960510E-8	0.005981	-0.000244	0.000269
736.000000	1.728540E-6	-4.172340E-7	0.006470	-0.000305	0.000267
740.000000	7.748640E-7	-5.960500E-7	0.007019	-0.000305	0.000110
744.000000	1.192100E-7	-6.556550E-7	0.007568	-0.000305	1.575104E-5
748.000000	5.960500E-7	-1.490120E-6	0.008057	-0.000305	7.398190E-5
752.000000	8.940730E-7	-1.192100E-6	0.008545	-0.000366	0.000105
756.000000	1.490120E-6	-2.503410E-6	0.009033	-0.000366	0.000165
760.000000	1.609330E-6	-1.251700E-6	0.009583	-0.000366	0.000168
764.000000	1.370910E-6	-1.549730E-6	0.010254	-0.000427	0.000134
768.000000	3.099460E-6	-2.205390E-6	0.010986	-0.000427	0.000282
772.000000	2.086180E-6	-1.251700E-6	0.011536	-0.000427	0.000181
776.000000	2.026570E-6	-1.311310E-6	0.012024	-0.000488	0.000169
780.000000	1.847750E-6	-2.086180E-6	0.012573	-0.000488	0.000147
784.000000	1.549730E-6	-2.443800E-6	0.013245	-0.000488	0.000117
788.000000	1.132500E-6	-1.907360E-6	0.014038	-0.000488	8.067331E-5
792.000000	9.536820E-7	-1.907360E-6	0.014832	-0.000488	6.430068E-5
796.000000	1.072890E-6	-1.847750E-6	0.015564	-0.000549	6.893408E-5
800.000000	5.960500E-7	-2.563010E-6	0.016174	-0.000549	3.685144E-5
804.000000	1.907360E-6	-3.159060E-6	0.016724	-0.000549	0.000114
808.000000	1.788150E-6	-2.622620E-6	0.017639	-0.000549	0.000101
812.000000	1.013290E-6	-2.384200E-6	0.018616	-0.000610	5.443172E-5
816.000000	1.609330E-6	-3.099460E-6	0.019592	-0.000610	8.214052E-5
820.000000	2.324600E-6	-3.278270E-6	0.020691	-0.000610	0.000112
824.000000	2.086180E-6	-3.457080E-6	0.021607	-0.000671	9.655291E-5
828.000000	1.251700E-6	-4.053140E-6	0.022461	-0.000671	5.572746E-5
832.000000	1.907360E-6	-3.457080E-6	0.023255	-0.000671	8.202111E-5
836.000000	2.384200E-6	-3.159060E-6	0.024231	-0.000732	9.839421E-5
840.000000	2.205390E-6	-3.457080E-6	0.025574	-0.000732	8.623630E-5
844.000000	2.264990E-6	-4.172350E-6	0.027222	-0.000793	8.320500E-5
848.000000	1.788150E-6	-3.814730E-6	0.029053	-0.000793	6.154807E-5
852.000000	2.264990E-6	-3.814730E-6	0.031067	-0.000854	7.290662E-5
856.000000	2.086180E-6	-3.814730E-6	0.033081	-0.000916	6.306221E-5
860.000000	2.741830E-6	-5.066420E-6	0.035096	-0.000916	7.812483E-5
864.000000	1.788150E-6	-5.900890E-6	0.037232	-0.000977	4.802762E-5
868.000000	1.966970E-6	-5.543260E-6	0.039612	-0.000977	4.965579E-5
872.000000	2.205390E-6	-5.483660E-6	0.042298	-0.001038	5.213984E-5
876.000000	2.503410E-6	-6.437330E-6	0.045349	-0.001099	5.520271E-5
880.000000	2.086180E-6	-5.602870E-6	0.048645	-0.001160	4.288554E-5
884.000000	3.099460E-6	-6.556540E-6	0.051941	-0.001221	5.967248E-5
888.000000	2.622620E-6	-7.152590E-6	0.055603	-0.001221	4.716663E-5
892.000000	2.682220E-6	-6.020100E-6	0.060059	-0.001282	4.465990E-5
896.000000	2.503410E-6	-7.510210E-6	0.062989	-0.001343	3.974373E-5
900.000000	2.801430E-6	-7.629450E-6	0.065125	-0.001526	4.301620E-5
904.000000	2.086180E-6	-7.510210E-6	0.067505	-0.001648	3.090390E-5
908.000000	3.397480E-6	-7.808270E-6	0.070069	-0.001831	4.848777E-5
912.000000	3.457080E-6	-8.940750E-6	0.073060	-0.002014	4.731863E-5
916.000000	2.980250E-6	-9.119570E-6	0.076294	-0.002258	3.906250E-5
920.000000	5.424050E-6	-9.238780E-6	0.079712	-0.002441	6.804525E-5
924.000000	4.768400E-6	-1.078850E-5	0.083497	-0.002686	5.710891E-5
928.000000	4.887610E-6	-1.227860E-5	0.087281	-0.002991	5.599868E-5
932.000000	5.126030E-6	-1.084810E-5	0.089722	-0.003174	5.713224E-5
936.000000	5.900890E-6	-1.198060E-5	0.091919	-0.003296	6.419635E-5
940.000000	4.768400E-6	-1.239780E-5	0.094849	-0.003418	5.027354E-5
944.000000	4.529980E-6	-1.257660E-5	0.097168	-0.003479	4.661989E-5
948.000000	4.529980E-6	-1.275550E-5	0.100586	-0.003601	4.503589E-5
952.000000	4.589590E-6	-1.341110E-5	0.104798	-0.003784	4.379463E-5
956.000000	6.258520E-6	-1.418600E-5	0.108704	-0.003906	5.757396E-5
960.000000	6.258520E-6	-1.484160E-5	0.112183	-0.003967	5.578849E-5
964.000000	5.722080E-6	-1.430520E-5	0.115174	-0.003967	4.968205E-5
968.000000	5.841280E-6	-1.418600E-5	0.117798	-0.003967	4.958726E-5
972.000000	5.662470E-6	-1.376870E-5	0.120118	-0.003906	4.714089E-5
976.000000	6.020100E-6	-1.364950E-5	0.122559	-0.003845	4.912002E-5
980.000000	6.556540E-6	-1.347070E-5	0.125306	-0.003784	5.232423E-5
984.000000	6.437330E-6	-1.388790E-5	0.128358	-0.003723	5.015137E-5
988.000000	6.020100E-6	-1.412640E-5	0.131593	-0.003601	4.574787E-5
992.000000	6.079700E-6	-1.424560E-5	0.134706	-0.003479	4.513310E-5
996.000000	4.947210E-6	-1.424560E-5	0.137635	-0.003418	3.594442E-5
1000.000000	5.126030E-6	-1.543770E-5	0.140077	-0.003357	3.659437E-5
1004.000000	5.364450E-6	-1.347070E-5	0.142701	-0.003235	3.759224E-5
1008.000000	3.159060E-6	-1.013280E-5	0.105225	0.002014	3.002195E-5
1012.000000	4.291560E-6	-1.090770E-5	0.124756	6.103560E-5	3.439963E-5
1016.000000	4.112750E-6	-1.233820E-5	0.139527	-0.001404	2.947637E-5
1020.000000	5.424050E-6	-1.275550E-5	0.148316	-0.001770	3.657090E-5
1024.000000	5.424050E-6	-1.394750E-5	0.154176	-0.002075	3.518090E-5
1028.000000	5.781680E-6	-1.364950E-5	0.158143	-0.002441	3.655982E-5
1032.000000	5.602870E-6	-1.460320E-5	0.160035	-0.002502	3.501028E-5
1036.000000	4.947210E-6	-1.370910E-5	0.161988	-0.002258	3.054060E-5
1040.000000	5.245240E-6	-1.305350E-5	0.164857	-0.002075	3.181691E-5
1044.000000	5.424050E-6	-1.388790E-5	0.167848	-0.002075	3.231525E-5
1048.000000	4.529980E-6	-1.484160E-5	0.170167	-0.002075	2.662079E-5
1052.000000	5.364450E-6	-1.430520E-5	0.171937	-0.002075	3.120009E-5
1056.000000	5.543260E-6	-1.394750E-5	0.173585	-0.001953	3.193398E-5
1060.000000	5.126030E-6	-1.370910E-5	0.175355	-0.001831	2.923230E-5
1064.000000	3.993540E-6	-1.335150E-5	0.177125	-0.001770	2.254645E-5
1068.000000	4.231960E-6	-1.335150E-5	0.178590	-0.001770	2.369651E-5
1072.000000	4.947210E-6	-1.281510E-5	0.179749	-0.001709	2.752288E-5
1076.000000	4.649190E-6	-1.335150E-5	0.180848	-0.001648	2.570772E-5
1080.000000	5.483660E-6	-1.376870E-5	0.182252	-0.001465	3.008834E-5
1084.000000	4.708800E-6	-1.221900E-5	0.183900	-0.001343	2.560522E-5
1088.000000	4.231960E-6	-1.215940E-5	0.185487	-0.001343	2.281540E-5
1092.000000	4.470380E-6	-1.257660E-5	0.186646	-0.001343	2.395112E-5
1096.000000	5.126030E-6	-1.281510E-5	0.187501	-0.001282	2.733868E-5
1100.000000	4.828010E-6	-1.305350E-5	0.188355	-0.001160	2.563250E-5
1104.000000	4.291560E-6	-1.209980E-5	0.189576	-0.000977	2.263768E-5
1108.000000	4.947210E-6	-1.138450E-5	0.190919	-0.000977	2.591261E-5
1112.000000	3.337870E-6	-1.329190E-5	0.191712	-0.000977	1.741086E-5
1116.000000	4.053140E-6	-1.245740E-5	0.190370	-0.001038	2.129085E-5
1120.000000	4.112750E-6	-1.305350E-5	0.187501	-0.001038	2.193455E-5
1124.000000	5.424050E-6	-1.209980E-5	0.187013	-0.000854	2.900360E-5
1128.000000	4.053140E-6	-1.215940E-5	0.188783	-0.000671	2.146984E-5
1132.000000	3.278270E-6	-1.132490E-5	0.188722	-0.000732	1.737089E-5
1136.000000	3.516690E-6	-1.108650E-5	0.192628	-0.000610	1.825638E-5
1140.000000	3.635900E-6	-1.251700E-5	0.195374	-0.000488	1.860995E-5
1144.000000	2.980250E-6	-1.209980E-5	0.194581	-0.000427	1.531624E-5
1148.000000	2.980250E-6	-1.096730E-5	0.196046	-0.000305	1.520179E-5
1152.000000	2.563010E-6	-1.215940E-5	0.198243	-0.000244	1.292863E-5
1156.000000	3.516690E-6	-1.233820E-5	0.200379	-0.000244	1.755019E-5
1160.000000	4.887610E-6	-1.168260E-5	0.206483	-0.000244	2.367076E-5
1164.000000	3.278270E-6	-1.245740E-5	0.210206	-6.103560E-5	1.559551E-5
1168.000000	3.218670E-6	-1.192100E-5	0.211549	0.000000	1.521477E-5
1172.000000	3.755110E-6	-1.180180E-5	0.213075	6.103560E-5	1.762342E-5
1176.000000	3.576290E-6	-1.180180E-5	0.214295	0.000000	1.668863E-5
1180.000000	3.755110E-6	-1.221900E-5	0.214601	-0.000122	1.749810E-5
1184.000000	2.980250E-6	-1.257660E-5	0.214478	-0.000122	1.389536E-5
1188.000000	3.099460E-6	-1.150380E-5	0.214112	0.000000	1.447588E-5
1192.000000	3.695500E-6	-1.227860E-5	0.216187	0.000244	1.709400E-5
1196.000000	3.039850E-6	-1.168260E-5	0.218019	0.000427	1.394305E-5
1200.000000	3.755110E-6	-1.299390E-5	0.219300	0.000549	1.712316E-5
1204.000000	3.099460E-6	-1.251700E-5	0.220582	0.000549	1.405128E-5
1208.000000	3.397480E-6	-1.269580E-5	0.221070	0.000549	1.536834E-5
1212.000000	2.980250E-6	-1.245740E-5	0.220948	0.000427	1.348847E-5
1216.000000	2.145780E-6	-1.227860E-5	0.221009	0.000488	9.709016E-6
1220.000000	3.576290E-6	-1.162300E-5	0.221009	0.000610	1.618165E-5
1224.000000	2.801430E-6	-1.102690E-5	0.221375	0.000732	1.265468E-5
1228.000000	3.218670E-6	-1.049050E-5	0.222169	0.000793	1.448748E-5
1232.000000	2.741830E-6	-1.060970E-5	0.222169	0.000793	1.234119E-5
1236.000000	2.384200E-6	-1.084810E-5	0.220216	0.000732	1.082664E-5
1240.000000	2.563010E-6	-1.066930E-5	0.217408	0.000732	1.178894E-5
1244.000000	3.099460E-6	-1.043090E-5	0.215577	0.000732	1.437751E-5
1248.000000	2.443800E-6	-1.108650E-5	0.215211	0.000793	1.135537E-5
1252.000000	1.966970E-6	-9.715620E-6	0.216432	0.000977	9.088166E-6
1256.000000	1.788150E-6	-9.357990E-6	0.219056	0.001160	8.162981E-6
1260.000000	1.728540E-6	-1.055010E-5	0.221803	0.001160	7.793132E-6
1264.000000	2.026570E-6	-1.037130E-5	0.224183	0.001160	9.039802E-6
1268.000000	2.145780E-6	-1.090770E-5	0.225953	0.001160	9.496577E-6
1272.000000	1.549730E-6	-1.001360E-5	0.226930	0.001099	6.829110E-6
1276.000000	2.264990E-6	-9.477200E-6	0.227479	0.001099	9.956919E-6
1280.000000	2.563010E-6	-9.775220E-6	0.228211	0.001160	1.123088E-5
1284.000000	3.337870E-6	-1.001360E-5	0.228944	0.001282	1.457942E-5
1288.000000	2.443800E-6	-1.013280E-5	0.229310	0.001221	1.065719E-5
1292.000000	2.682220E-6	-1.078850E-5	0.229615	0.001160	1.168138E-5
1296.000000	2.443800E-6	-1.066930E-5	0.229798	0.001160	1.063456E-5
1300.000000	2.741830E-6	-9.775220E-6	0.229554	0.001099	1.194416E-5
1304.000000	1.490120E-6	-9.357990E-6	0.228883	0.001099	6.510401E-6
1308.000000	1.966970E-6	-9.775220E-6	0.228272	0.001221	8.616782E-6
1312.000000	1.609330E-6	-8.881150E-6	0.227967	0.001282	7.059487E-6
1316.000000	2.324600E-6	-8.881150E-6	0.227845	0.001343	1.020255E-5
1320.000000	2.503410E-6	-9.894430E-6	0.228578	0.001282	1.095210E-5
1324.000000	1.490120E-6	-9.656010E-6	0.229188	0.001221	6.501737E-6
1328.000000	2.563010E-6	-8.940750E-6	0.228028	0.001099	1.123989E-5
1332.000000	3.159060E-6	-9.119570E-6	0.226075	0.001099	1.397350E-5
1336.000000	3.457080E-6	-9.536800E-6	0.227601	0.001160	1.518921E-5
1340.000000	2.145780E-6	-9.179170E-6	0.226502	0.001221	9.473559E-6
1344.000000	2.264990E-6	-9.119570E-6	0.220765	0.001160	1.025973E-5
1348.000000	2.086180E-6	-8.583130E-6	0.210877	0.001160	9.892876E-6
1352.000000	9.536820E-7	-8.106290E-6	0.191041	0.000854	4.992028E-6
1356.000000	2.324600E-6	-6.258520E-6	0.178956	0.000854	1.298979E-5
1360.000000	1.609330E-6	-5.722080E-6	0.160645	0.001526	1.001793E-5
1364.000000	1.788150E-6	-6.079700E-6	0.159608	0.001160	1.120339E-5
1368.000000	1.847750E-6	-5.483660E-6	0.150819	0.000610	1.225144E-5
1372.000000	1.609330E-6	-4.589590E-6	0.128663	0.000549	1.250810E-5
1376.000000	1.251700E-6	-2.920640E-6	0.090455	0.000610	1.383788E-5
1380.000000	1.609330E-6	-1.907360E-6	0.057617	0.000854	2.793132E-5
1384.000000	7.152590E-7	-1.311310E-6	0.056580	0.001099	1.264160E-5
1388.000000	7.152590E-7	-2.324600E-6	0.070984	0.001221	1.007628E-5
1392.000000	5.960500E-7	-2.861040E-6	0.080323	0.000977	7.420692E-6
1396.000000	2.145780E-6	-3.457080E-6	0.099915	0.000854	2.147605E-5
1400.000000	1.728540E-6	-4.470380E-6	0.125794	0.001099	1.374104E-5
1404.000000	2.563010E-6	-5.245240E-6	0.138307	0.001343	1.853131E-5
1408.000000	1.549730E-6	-6.258520E-6	0.154420	0.001648	1.003581E-5
1412.000000	1.013290E-6	-6.318120E-6	0.164430	0.001831	6.162440E-6
1416.000000	2.026570E-6	-7.212190E-6	0.173036	0.001404	1.171184E-5
1420.000000	2.086180E-6	-7.689060E-6	0.186158	0.001221	1.120650E-5
1424.000000	1.907360E-6	-7.867870E-6	0.197328	0.001282	9.665937E-6
1428.000000	1.490120E-6	-8.523520E-6	0.203126	0.001221	7.335939E-6
1432.000000	1.192100E-6	-7.331400E-6	0.207459	0.001221	5.746196E-6
1436.000000	1.847750E-6	-9.179170E-6	0.210816	0.001221	8.764752E-6
1440.000000	2.384200E-6	-9.179170E-6	0.213868	0.001038	1.114800E-5
1444.000000	2.086180E-6	-9.119570E-6	0.214845	0.001160	9.710163E-6
1448.000000	2.861040E-6	-9.477200E-6	0.215150	0.000916	1.329789E-5
1452.000000	2.741830E-6	-9.000360E-6	0.220399	0.000854	1.244030E-5
1456.000000	2.384200E-6	-9.775220E-6	0.224854	0.000916	1.060332E-5
1460.000000	3.457080E-6	-1.078850E-5	0.225465	0.001038	1.533311E-5
1464.000000	3.218670E-6	-1.049050E-5	0.224549	0.001099	1.433393E-5
1468.000000	2.264990E-6	-9.775220E-6	0.222291	0.000916	1.018930E-5
1472.000000	1.847750E-6	-1.060970E-5	0.225770	0.001038	8.184214E-6
1476.000000	3.099460E-6	-9.715620E-6	0.226624	0.000977	1.367666E-5
1480.000000	2.026570E-6	-1.031170E-5	0.226747	0.000916	8.937582E-6
1484.000000	2.503410E-6	-9.596410E-6	0.226624	0.000793	1.104654E-5
1488.000000	2.264990E-6	-1.049050E-5	0.226502	0.000732	9.999868E-6
1492.000000	2.205390E-6	-1.102690E-5	0.226319	0.000793	9.744608E-6
1496.000000	2.443800E-6	-1.084810E-5	0.225587	0.000977	1.083307E-5
1500.000000	2.861040E-6	-1.066930E-5	0.225221	0.001099	1.270326E-5
1504.000000	2.563010E-6	-1.055010E-5	0.225038	0.001160	1.138923E-5
1508.000000	2.145780E-6	-1.007320E-5	0.224793	0.001160	9.545582E-6
1512.000000	2.563010E-6	-1.084810E-5	0.224671	0.001221	1.140784E-5
1516.000000	1.788150E-6	-1.049050E-5	0.224488	0.001221	7.965459E-6
1520.000000	1.668940E-6	-9.954030E-6	0.223878	0.001099	7.454685E-6
1524.000000	2.443800E-6	-1.031170E-5	0.222779	0.000977	1.096962E-5
1528.000000	2.443800E-6	-9.477200E-6	0.221559	0.000916	1.103002E-5
1532.000000	2.861040E-6	-1.013280E-5	0.220033	0.000916	1.300278E-5
1536.000000	2.264990E-6	-9.417590E-6	0.218324	0.000916	1.037444E-5
1540.000000	2.563010E-6	-9.179170E-6	0.216615	0.000916	1.183210E-5
1544.000000	2.682220E-6	-9.298380E-6	0.215089	0.001038	1.247028E-5
1548.000000	2.682220E-6	-9.834820E-6	0.213807	0.001160	1.254505E-5
1552.000000	2.205390E-6	-8.344710E-6	0.212770	0.001221	1.036514E-5
1556.000000	2.086180E-6	-8.165890E-6	0.211915	0.001282	9.844419E-6
1560.000000	2.622620E-6	-8.583130E-6	0.211183	0.001282	1.241871E-5
1564.000000	2.622620E-6	-9.477200E-6	0.210389	0.001282	1.246558E-5
1568.000000	2.384200E-6	-9.000360E-6	0.214601	0.001282	1.110992E-5
1572.000000	2.026570E-6	-8.940750E-6	0.216126	0.001343	9.376799E-6
1576.000000	1.788150E-6	-8.165890E-6	0.214601	0.001221	8.332440E-6
1580.000000	1.251700E-6	-9.000360E-6	0.212770	0.001221	5.882878E-6
1584.000000	2.861040E-6	-7.748660E-6	0.210816	0.001221	1.357127E-5
1588.000000	2.980250E-6	-7.629450E-6	0.213197	0.001343	1.397886E-5
1592.000000	1.370910E-6	-8.165890E-6	0.213624	0.001465	6.417397E-6
1596.000000	2.264990E-6	-7.271800E-6	0.211671	0.001526	1.070052E-5
1600.000000	1.192100E-6	-6.973770E-6	0.209840	0.001648	5.680995E-6
1604.000000	2.026570E-6	-6.735350E-6	0.208314	0.001709	9.728439E-6
1608.000000	2.622620E-6	-7.152590E-6	0.206788	0.001709	1.268265E-5
1612.000000	2.324600E-6	-7.987080E-6	0.205506	0.001831	1.131159E-5
1616.000000	2.920640E-6	-7.152590E-6	0.204103	0.001831	1.430964E-5
1620.000000	1.788150E-6	-7.629450E-6	0.202455	0.001831	8.832333E-6
1624.000000	2.622620E-6	-7.212190E-6	0.200746	0.001892	1.306437E-5
1628.000000	1.013290E-6	-7.450610E-6	0.198853	0.001953	5.095674E-6
1632.000000	1.430520E-6	-7.152590E-6	0.196839	0.001892	7.267462E-6
1636.000000	2.026570E-6	-7.391010E-6	0.194520	0.001892	1.041831E-5
1640.000000	2.145780E-6	-7.271800E-6	0.191957	0.001892	1.117844E-5
1644.000000	1.728540E-6	-6.556540E-6	0.188783	0.001953	9.156227E-6
1648.000000	2.443800E-6	-6.318120E-6	0.185304	0.001953	1.318806E-5
1652.000000	2.026570E-6	-5.900890E-6	0.181092	0.001953	1.119083E-5
1656.000000	1.251700E-6	-6.139310E-6	0.175843	0.001892	7.118282E-6
1660.000000	1.549730E-6	-6.437330E-6	0.168946	0.001709	9.172931E-6
1664.000000	2.145780E-6	-5.126030E-6	0.160584	0.001526	1.336235E-5
1668.000000	2.324600E-6	-4.291560E-6	0.148377	0.001282	1.566685E-5
1672.000000	1.430520E-6	-4.172350E-6	0.132569	0.001160	1.079076E-5
1676.000000	1.192100E-6	-3.516690E-6	0.115052	0.000977	1.036140E-5
1680.000000	1.251700E-6	-3.635900E-6	0.097535	0.000854	1.283338E-5
1684.000000	1.847750E-6	-2.503410E-6	0.081727	0.000732	2.260892E-5
1688.000000	1.490120E-6	-2.563010E-6	0.067933	0.000610	2.193527E-5
1692.000000	1.549730E-6	-2.503410E-6	0.056458	0.000488	2.744935E-5
1696.000000	1.013290E-6	-1.728540E-6	0.046997	0.000427	2.156060E-5
1700.000000	1.490120E-6	-1.490120E-6	0.039368	0.000366	3.785114E-5
1704.000000	2.026570E-6	-2.503410E-6	0.033081	0.000305	6.126029E-5
1708.000000	1.251700E-6	-1.430520E-6	0.027893	0.000244	4.487474E-5
1712.000000	1.549730E-6	-9.536820E-7	0.023499	0.000244	6.594961E-5
1716.000000	7.152590E-7	-1.311310E-6	0.019898	0.000183	3.594700E-5
1720.000000	3.576300E-7	-1.192100E-6	0.016846	0.000183	2.122962E-5
1724.000000	1.728540E-6	-1.549730E-6	0.014282	0.000122	0.000121
1728.000000	3.576300E-7	-1.013290E-6	0.012207	0.000122	2.929688E-5
1732.000000	2.980250E-7	-8.344690E-7	0.010498	0.000122	2.838847E-5
1736.000000	4.172340E-7	1.192100E-7	0.009094	0.000122	4.587863E-5
1740.000000	3.576300E-7	-1.192100E-7	0.007874	6.103560E-5	4.542147E-5
1744.000000	4.768410E-7	-1.788150E-7	0.006775	6.103560E-5	7.038316E-5
1748.000000	5.960500E-7	1.788150E-7	0.005859	6.103560E-5	0.000102
1752.000000	1.370910E-6	2.384200E-7	0.005066	6.103560E-5	0.000271
1756.000000	3.576300E-7	-8.344690E-7	0.004272	6.103560E-5	8.370529E-5
1760.000000	1.251700E-6	-5.960510E-8	0.003601	6.103560E-5	0.000348
1764.000000	4.768410E-7	-5.960500E-7	0.003052	6.103560E-5	0.000156
1768.000000	3.576300E-7	-4.172340E-7	0.002686	0.000000	0.000133
1772.000000	1.251700E-6	-4.172340E-7	0.002319	0.000000	0.000540
1776.000000	2.980250E-7	-1.192100E-7	0.001953	0.000000	0.000153
1780.000000	2.384200E-7	-7.748640E-7	0.001709	0.000000	0.000140
1784.000000	4.172340E-7	-8.344690E-7	0.001465	0.000000	0.000285
1788.000000	7.152590E-7	-5.364450E-7	0.001282	0.000000	0.000558
1792.000000	1.370910E-6	-6.556550E-7	0.001160	0.000000	0.001182
1796.000000	4.172340E-7	-5.960510E-8	0.000916	0.000000	0.000456
1800.000000	6.556550E-7	4.768410E-7	0.000854	0.000000	0.000767
1804.000000	4.768410E-7	2.980250E-7	0.000732	0.000000	0.000651
1808.000000	4.172340E-7	-7.152590E-7	0.000610	0.000000	0.000684
1812.000000	3.576300E-7	-3.576300E-7	0.000549	0.000000	0.000651
1816.000000	7.152590E-7	-8.940730E-7	0.000427	0.000000	0.001674
1820.000000	8.940730E-7	-1.788150E-7	0.000427	0.000000	0.002093
1824.000000	4.172340E-7	-2.384200E-7	0.000366	0.000000	0.001139
1828.000000	-2.384200E-7	-2.384200E-7	0.000366	0.000000	-0.000651
1832.000000	-6.556550E-7	-1.788150E-7	0.000244	0.000000	-0.002686
1836.000000	1.192100E-7	-1.609330E-6	0.000244	0.000000	0.000488
1840.000000	6.556550E-7	-6.556550E-7	0.000244	0.000000	0.002686
1844.000000	1.609330E-6	-2.384200E-7	0.000183	0.000000	0.008789
1848.000000	1.013290E-6	-6.556550E-7	0.000183	0.000000	0.005534
