800.000000	1.031170E-5	-1.549730E-6	0.046753	-0.001404	0.000221
850.000000	2.205380E-5	-2.026570E-6	0.098877	-0.002747	0.000223
900.000000	4.309440E-5	-3.337870E-6	0.204957	-0.005188	0.000210
950.000000	7.939390E-5	-5.066420E-6	0.338564	-0.011292	0.000235
1000.000000	0.000103	-3.933940E-6	0.465883	-0.011597	0.000221
1050.000000	0.000101	3.576300E-7	0.502262	0.000122	0.000200
1100.000000	0.000117	1.847750E-6	0.626286	-0.002380	0.000187
1150.000000	0.000118	1.311310E-6	0.665836	0.000366	0.000177
1200.000000	0.000117	-2.384200E-7	0.699284	0.002808	0.000167
1250.000000	0.000108	-1.907360E-6	0.703800	0.004761	0.000153
1300.000000	0.000102	-5.304840E-6	0.728397	0.005493	0.000140
1350.000000	8.231450E-5	-7.808270E-6	0.637638	0.003967	0.000129
1400.000000	5.483650E-5	-7.808270E-6	0.455873	0.005920	0.000120
1450.000000	6.306220E-5	-1.257660E-5	0.594242	0.006226	0.000106
1500.000000	6.729410E-5	-1.674900E-5	0.674076	0.005920	9.983162E-5
1550.000000	6.014130E-5	-1.674900E-5	0.649967	0.005981	9.252977E-5
1600.000000	5.131980E-5	-1.358990E-5	0.597904	0.006287	8.583284E-5
1650.000000	4.243870E-5	-9.179170E-6	0.521366	0.006287	8.139906E-5
1700.000000	1.782190E-5	-3.814730E-6	0.214601	0.002319	8.304668E-5
1750.000000	3.278270E-6	-1.013290E-6	0.041443	0.000366	7.910291E-5
