800.000000	1.436480E-5	-1.490120E-6	0.062928	-0.001892	0.000228
850.000000	2.199420E-5	-1.907360E-6	0.099610	-0.002686	0.000221
900.000000	4.279640E-5	-3.337870E-6	0.205018	-0.005066	0.000209
950.000000	7.921500E-5	-5.006820E-6	0.338015	-0.010986	0.000234
1000.000000	0.000103	-4.172350E-6	0.465639	-0.011109	0.000221
1050.000000	9.906340E-5	1.788150E-7	0.498598	-0.000732	0.000199
1100.000000	0.000117	1.549730E-6	0.627811	-0.002197	0.000187
1150.000000	0.000118	1.490120E-6	0.668095	0.000549	0.000177
1200.000000	0.000116	-2.384200E-7	0.701603	0.003113	0.000165
1250.000000	0.000107	-1.370910E-6	0.705631	0.005066	0.000152
1300.000000	0.000101	-5.006820E-6	0.730839	0.005920	0.000138
1350.000000	8.171840E-5	-7.450610E-6	0.638737	0.004517	0.000128
1400.000000	5.424050E-5	-7.331400E-6	0.456606	0.006287	0.000119
1450.000000	6.192970E-5	-1.233820E-5	0.595707	0.006653	0.000104
1500.000000	6.622120E-5	-1.591460E-5	0.675114	0.006287	9.808892E-5
1550.000000	5.942610E-5	-1.603380E-5	0.651005	0.006531	9.128363E-5
1600.000000	5.030660E-5	-1.335150E-5	0.598576	0.006653	8.404380E-5
1650.000000	4.214070E-5	-9.417590E-6	0.521671	0.006653	8.078022E-5
1700.000000	1.722590E-5	-3.874330E-6	0.214967	0.002502	8.013276E-5
1750.000000	3.397480E-6	-4.172340E-7	0.041443	0.000427	8.197939E-5
