800.000000	1.049050E-5	-1.311310E-6	0.046692	-0.001404	0.000225
850.000000	2.199420E-5	-2.086180E-6	0.098877	-0.002686	0.000222
900.000000	4.291560E-5	-3.218670E-6	0.204957	-0.005188	0.000209
950.000000	7.921500E-5	-4.649190E-6	0.337954	-0.011170	0.000234
1000.000000	0.000103	-4.172350E-6	0.465761	-0.011353	0.000221
1050.000000	9.864620E-5	2.384200E-7	0.496706	-0.001038	0.000199
1100.000000	0.000117	1.430520E-6	0.628117	-0.002441	0.000186
1150.000000	0.000118	1.132500E-6	0.668034	0.000305	0.000176
1200.000000	0.000116	2.384200E-7	0.701542	0.002991	0.000165
1250.000000	0.000108	-1.966970E-6	0.705875	0.004883	0.000152
1300.000000	0.000101	-4.708800E-6	0.730595	0.005737	0.000138
1350.000000	8.189720E-5	-7.450610E-6	0.639225	0.004211	0.000128
1400.000000	5.471730E-5	-7.450610E-6	0.456972	0.006165	0.000120
1450.000000	6.228730E-5	-1.215940E-5	0.595341	0.006470	0.000105
1500.000000	6.604240E-5	-1.561650E-5	0.675358	0.006165	9.778873E-5
1550.000000	5.942610E-5	-1.585500E-5	0.651371	0.006409	9.123234E-5
1600.000000	5.024690E-5	-1.305350E-5	0.598942	0.006592	8.389276E-5
1650.000000	4.196190E-5	-9.357990E-6	0.522160	0.006592	8.036215E-5
1700.000000	1.722590E-5	-3.576290E-6	0.214845	0.002441	8.017827E-5
1750.000000	3.159060E-6	-7.152590E-7	0.041565	0.000427	7.600252E-5
