800.000000	1.382830E-5	-1.728540E-6	0.067017	-0.002319	0.000206
850.000000	2.211340E-5	-1.966970E-6	0.106568	-0.003296	0.000208
900.000000	4.535940E-5	-3.755110E-6	0.219483	-0.006226	0.000207
950.000000	8.672520E-5	-7.391010E-6	0.362307	-0.013184	0.000239
1000.000000	0.000116	-8.106290E-6	0.500248	-0.013550	0.000231
1050.000000	0.000112	-4.589590E-6	0.534306	-0.002014	0.000210
1100.000000	0.000133	-4.768400E-6	0.676456	-0.003662	0.000197
1150.000000	0.000133	-5.066420E-6	0.718876	-0.000549	0.000185
1200.000000	0.000130	-7.152590E-6	0.752934	0.002319	0.000172
1250.000000	0.000119	-8.344710E-6	0.755070	0.004517	0.000158
1300.000000	0.000110	-1.043090E-5	0.778996	0.005615	0.000141
1350.000000	8.678480E-5	-1.192100E-5	0.679386	0.004089	0.000128
1400.000000	5.638620E-5	-9.477200E-6	0.483644	0.006226	0.000117
1450.000000	6.359860E-5	-1.287470E-5	0.626957	0.006165	0.000101
1500.000000	6.717490E-5	-1.627220E-5	0.708439	0.005493	9.482101E-5
1550.000000	6.097580E-5	-1.657020E-5	0.680302	0.005737	8.963049E-5
1600.000000	5.143900E-5	-1.370910E-5	0.623356	0.005859	8.251946E-5
1650.000000	4.267720E-5	-9.357990E-6	0.541325	0.005798	7.883841E-5
1700.000000	1.835830E-5	-3.635900E-6	0.222169	0.002075	8.263214E-5
1750.000000	3.695500E-6	-1.072890E-6	0.042786	0.000305	8.637191E-5
