800.000000	9.894430E-6	-1.072890E-6	0.049744	-0.001709	0.000199
850.000000	2.229230E-5	-1.847750E-6	0.105835	-0.003235	0.000211
900.000000	4.571700E-5	-3.874330E-6	0.219239	-0.006226	0.000209
950.000000	8.684440E-5	-7.033380E-6	0.362795	-0.013123	0.000239
1000.000000	0.000116	-8.583130E-6	0.502445	-0.013672	0.000230
1050.000000	0.000113	-4.649190E-6	0.536442	-0.001404	0.000210
1100.000000	0.000133	-4.351170E-6	0.677738	-0.003418	0.000197
1150.000000	0.000133	-5.185630E-6	0.720402	-0.000305	0.000185
1200.000000	0.000130	-7.152590E-6	0.753361	0.002502	0.000172
1250.000000	0.000120	-8.404310E-6	0.755558	0.004761	0.000158
1300.000000	0.000110	-1.007320E-5	0.780460	0.005737	0.000142
1350.000000	8.606960E-5	-1.192100E-5	0.681522	0.004334	0.000126
1400.000000	5.567100E-5	-9.179170E-6	0.483828	0.006348	0.000115
1450.000000	6.258530E-5	-1.317270E-5	0.626774	0.006348	9.985306E-5
1500.000000	6.675770E-5	-1.686820E-5	0.707890	0.005798	9.430519E-5
1550.000000	6.020090E-5	-1.698740E-5	0.680302	0.005920	8.849143E-5
1600.000000	5.102180E-5	-1.388790E-5	0.622929	0.005981	8.190628E-5
1650.000000	4.267720E-5	-9.775220E-6	0.541813	0.006043	7.876740E-5
1700.000000	1.806030E-5	-3.933940E-6	0.222413	0.002197	8.120164E-5
1750.000000	3.516690E-6	-1.192100E-6	0.042725	0.000305	8.231027E-5
