800.000000	1.049050E-5	-8.344690E-7	0.049744	-0.001709	0.000211
850.000000	2.193460E-5	-2.145780E-6	0.105591	-0.003235	0.000208
900.000000	4.506130E-5	-4.053140E-6	0.219483	-0.006226	0.000205
950.000000	8.666560E-5	-7.391010E-6	0.363527	-0.013123	0.000238
1000.000000	0.000115	-8.463920E-6	0.502445	-0.013550	0.000230
1050.000000	0.000112	-4.410770E-6	0.537724	-0.001404	0.000209
1100.000000	0.000133	-4.231960E-6	0.677555	-0.003479	0.000196
1150.000000	0.000133	-5.006820E-6	0.720158	-0.000427	0.000185
1200.000000	0.000130	-6.794960E-6	0.754154	0.002380	0.000172
1250.000000	0.000119	-8.285100E-6	0.756657	0.004700	0.000158
1300.000000	0.000110	-1.078850E-5	0.779728	0.005676	0.000141
1350.000000	8.630800E-5	-1.198060E-5	0.680607	0.004272	0.000127
1400.000000	5.590940E-5	-9.357990E-6	0.484072	0.006287	0.000115
1450.000000	6.270460E-5	-1.353030E-5	0.627262	0.006287	9.996556E-5
1500.000000	6.645960E-5	-1.692780E-5	0.708561	0.005676	9.379517E-5
1550.000000	6.037970E-5	-1.645100E-5	0.680546	0.005798	8.872244E-5
1600.000000	5.078340E-5	-1.358990E-5	0.623234	0.005981	8.148368E-5
1650.000000	4.243870E-5	-9.536800E-6	0.541203	0.005859	7.841549E-5
1700.000000	1.817950E-5	-3.516690E-6	0.221986	0.002075	8.189480E-5
1750.000000	3.457080E-6	-8.940730E-7	0.042603	0.000305	8.114678E-5
