800.000000	1.382830E-5	-1.251700E-6	0.064270	-0.002319	0.000215
850.000000	2.175580E-5	-1.609330E-6	0.101746	-0.003357	0.000214
900.000000	4.339240E-5	-3.159060E-6	0.209046	-0.006348	0.000208
950.000000	8.279130E-5	-5.483660E-6	0.344851	-0.013306	0.000240
1000.000000	0.000109	-5.841280E-6	0.474977	-0.014160	0.000230
1050.000000	0.000107	-1.668940E-6	0.509342	-0.003174	0.000209
1100.000000	0.000126	-8.344690E-7	0.641239	-0.005493	0.000197
1150.000000	0.000126	-8.344690E-7	0.679935	-0.002747	0.000185
1200.000000	0.000123	-2.741830E-6	0.712101	-0.000244	0.000173
1250.000000	0.000114	-4.351170E-6	0.716129	0.001770	0.000159
1300.000000	0.000106	-7.212190E-6	0.739140	0.002563	0.000144
1350.000000	8.487750E-5	-9.179170E-6	0.644718	0.001526	0.000132
1400.000000	5.555180E-5	-8.106290E-6	0.459352	0.004211	0.000121
1450.000000	6.324100E-5	-1.209980E-5	0.599430	0.003906	0.000106
1500.000000	6.735370E-5	-1.502040E-5	0.679752	0.003357	9.908570E-5
1550.000000	6.073740E-5	-1.567610E-5	0.654667	0.003662	9.277602E-5
1600.000000	5.203510E-5	-1.275550E-5	0.601139	0.004150	8.656085E-5
1650.000000	4.345200E-5	-9.179170E-6	0.523746	0.004395	8.296388E-5
1700.000000	1.853720E-5	-3.874330E-6	0.216004	0.001587	8.581878E-5
1750.000000	3.695500E-6	-8.344690E-7	0.041931	0.000244	8.813204E-5
