800.000000	1.007320E-5	-7.152590E-7	0.047852	-0.001709	0.000211
850.000000	2.169620E-5	-2.086180E-6	0.101136	-0.003357	0.000215
900.000000	4.363080E-5	-3.278270E-6	0.209107	-0.006409	0.000209
950.000000	8.350660E-5	-5.841280E-6	0.345095	-0.013489	0.000242
1000.000000	0.000110	-6.139310E-6	0.475893	-0.014282	0.000231
1050.000000	0.000107	-2.443800E-6	0.508610	-0.003174	0.000210
1100.000000	0.000126	-1.847750E-6	0.640629	-0.005554	0.000197
1150.000000	0.000126	-2.622620E-6	0.680912	-0.002808	0.000186
1200.000000	0.000124	-4.470380E-6	0.713688	-0.000244	0.000173
1250.000000	0.000114	-5.245240E-6	0.717411	0.001709	0.000159
1300.000000	0.000107	-7.808270E-6	0.741276	0.002563	0.000144
1350.000000	8.511590E-5	-9.656010E-6	0.648624	0.001648	0.000131
1400.000000	5.561140E-5	-8.344710E-6	0.463381	0.004334	0.000120
1450.000000	6.276420E-5	-1.204020E-5	0.602604	0.004028	0.000104
1500.000000	6.699610E-5	-1.555690E-5	0.681889	0.003296	9.825074E-5
1550.000000	6.055860E-5	-1.585500E-5	0.656559	0.003662	9.223634E-5
1600.000000	5.143900E-5	-1.287470E-5	0.602970	0.004150	8.530939E-5
1650.000000	4.345200E-5	-9.179170E-6	0.525517	0.004517	8.268429E-5
1700.000000	1.835830E-5	-3.576290E-6	0.216371	0.001587	8.484640E-5
1750.000000	3.457080E-6	-1.072890E-6	0.041809	0.000244	8.268687E-5
