800.000000	1.019250E-5	-1.370910E-6	0.047852	-0.001709	0.000213
850.000000	2.187500E-5	-2.086180E-6	0.101380	-0.003357	0.000216
900.000000	4.404810E-5	-3.159060E-6	0.209413	-0.006409	0.000210
950.000000	8.279130E-5	-5.781680E-6	0.344790	-0.013367	0.000240
1000.000000	0.000109	-5.781680E-6	0.474306	-0.014343	0.000231
1050.000000	0.000108	-1.609330E-6	0.512455	-0.002258	0.000211
1100.000000	0.000125	-1.192100E-6	0.637333	-0.005493	0.000197
1150.000000	0.000126	-1.490120E-6	0.677372	-0.002747	0.000186
1200.000000	0.000124	-3.397480E-6	0.710514	-0.000366	0.000175
1250.000000	0.000115	-4.947210E-6	0.714359	0.001831	0.000160
1300.000000	0.000107	-7.510210E-6	0.738041	0.002380	0.000145
1350.000000	8.529470E-5	-9.477200E-6	0.644718	0.001343	0.000132
1400.000000	5.614780E-5	-8.344710E-6	0.459597	0.004028	0.000122
1450.000000	6.449270E-5	-1.287470E-5	0.598942	0.003723	0.000108
1500.000000	6.902260E-5	-1.645100E-5	0.679569	0.003052	0.000102
1550.000000	6.175090E-5	-1.645100E-5	0.654789	0.003418	9.430656E-5
1600.000000	5.257150E-5	-1.329190E-5	0.601261	0.003906	8.743541E-5
1650.000000	4.404810E-5	-9.179170E-6	0.524174	0.004211	8.403336E-5
1700.000000	1.913320E-5	-3.516690E-6	0.216615	0.001526	8.832814E-5
1750.000000	3.755110E-6	-1.311310E-6	0.041992	0.000183	8.942356E-5
