800.000000	1.400710E-5	-1.549730E-6	0.062989	-0.002258	0.000222
850.000000	2.169620E-5	-1.847750E-6	0.099549	-0.003235	0.000218
900.000000	4.309440E-5	-3.099460E-6	0.204530	-0.006226	0.000211
950.000000	8.052630E-5	-4.828010E-6	0.336733	-0.013000	0.000239
1000.000000	0.000106	-4.947210E-6	0.463381	-0.013916	0.000229
1050.000000	0.000103	-1.192100E-6	0.495363	-0.003174	0.000208
1100.000000	0.000122	0.000000	0.623295	-0.005676	0.000195
1150.000000	0.000122	-1.192100E-7	0.664799	-0.003052	0.000184
1200.000000	0.000120	-1.966970E-6	0.697514	-0.000671	0.000172
1250.000000	0.000111	-3.933940E-6	0.700138	0.001343	0.000159
1300.000000	0.000104	-6.139310E-6	0.723392	0.002197	0.000143
1350.000000	8.356620E-5	-8.642730E-6	0.632938	0.001221	0.000132
1400.000000	5.501530E-5	-7.510210E-6	0.452578	0.003967	0.000122
1450.000000	6.264490E-5	-1.192100E-5	0.589664	0.003601	0.000106
1500.000000	6.675770E-5	-1.537810E-5	0.669254	0.003052	9.974942E-5
1550.000000	6.002210E-5	-1.561650E-5	0.645512	0.003479	9.298371E-5
1600.000000	5.102180E-5	-1.263620E-5	0.593571	0.004028	8.595737E-5
1650.000000	4.261760E-5	-8.583130E-6	0.517521	0.004456	8.234951E-5
1700.000000	1.817950E-5	-3.576290E-6	0.213136	0.001587	8.529530E-5
1750.000000	3.337870E-6	-9.536820E-7	0.041138	0.000244	8.113856E-5
