800.000000	1.025210E-5	-1.132500E-6	0.046814	-0.001648	0.000219
850.000000	2.187500E-5	-1.788150E-6	0.099122	-0.003174	0.000221
900.000000	4.309440E-5	-3.159060E-6	0.204774	-0.006226	0.000210
950.000000	8.040710E-5	-5.185630E-6	0.337587	-0.013000	0.000238
1000.000000	0.000105	-5.006820E-6	0.464907	-0.013916	0.000227
1050.000000	0.000102	-5.364450E-7	0.496645	-0.003357	0.000206
1100.000000	0.000121	7.152590E-7	0.625553	-0.005554	0.000193
1150.000000	0.000121	2.980250E-7	0.664799	-0.003052	0.000182
1200.000000	0.000119	-1.788150E-6	0.696964	-0.000671	0.000171
1250.000000	0.000110	-3.397480E-6	0.702091	0.001343	0.000156
1300.000000	0.000103	-5.483660E-6	0.725956	0.002197	0.000141
1350.000000	8.225490E-5	-8.106290E-6	0.630619	0.001160	0.000130
1400.000000	5.412130E-5	-7.391010E-6	0.449160	0.003906	0.000120
1450.000000	6.228730E-5	-1.198060E-5	0.589481	0.003662	0.000106
1500.000000	6.645960E-5	-1.519920E-5	0.670536	0.003052	9.911414E-5
1550.000000	5.978370E-5	-1.567610E-5	0.647038	0.003479	9.239596E-5
1600.000000	5.066420E-5	-1.281510E-5	0.594608	0.004150	8.520605E-5
1650.000000	4.208110E-5	-8.642730E-6	0.518497	0.004517	8.115978E-5
1700.000000	1.740470E-5	-3.635900E-6	0.213990	0.001648	8.133417E-5
1750.000000	3.099460E-6	-1.013290E-6	0.041382	0.000244	7.489857E-5
