800.000000	1.060970E-5	-1.013290E-6	0.046997	-0.001648	0.000226
850.000000	2.199420E-5	-2.145780E-6	0.099427	-0.003174	0.000221
900.000000	4.327320E-5	-3.337870E-6	0.205567	-0.006287	0.000211
950.000000	8.142040E-5	-5.662470E-6	0.338808	-0.013062	0.000240
1000.000000	0.000107	-5.424050E-6	0.465822	-0.013977	0.000230
1050.000000	0.000105	-6.556550E-7	0.502140	-0.002075	0.000209
1100.000000	0.000121	2.980250E-7	0.622501	-0.005371	0.000195
1150.000000	0.000122	-5.960500E-7	0.663090	-0.002808	0.000184
1200.000000	0.000120	-1.907360E-6	0.695133	-0.000488	0.000172
1250.000000	0.000111	-3.337870E-6	0.699833	0.001648	0.000159
1300.000000	0.000104	-5.900890E-6	0.722904	0.002258	0.000144
1350.000000	8.374500E-5	-8.165890E-6	0.632206	0.001221	0.000132
1400.000000	5.525370E-5	-7.748660E-6	0.450991	0.003845	0.000123
1450.000000	6.336020E-5	-1.239780E-5	0.590214	0.003662	0.000107
1500.000000	6.777090E-5	-1.585500E-5	0.669498	0.003113	0.000101
1550.000000	6.055860E-5	-1.579530E-5	0.646122	0.003540	9.372626E-5
1600.000000	5.131980E-5	-1.305350E-5	0.594303	0.004028	8.635292E-5
1650.000000	4.315400E-5	-8.940750E-6	0.517948	0.004272	8.331724E-5
1700.000000	1.794110E-5	-3.516690E-6	0.212770	0.001526	8.432157E-5
1750.000000	3.755110E-6	-1.192100E-6	0.041077	0.000183	9.141659E-5
