800.000000	1.025210E-5	-1.311310E-6	0.046570	-0.001587	0.000220
850.000000	2.193460E-5	-2.086180E-6	0.098572	-0.003052	0.000223
900.000000	4.309440E-5	-3.039850E-6	0.203675	-0.005981	0.000212
950.000000	7.987070E-5	-5.006820E-6	0.335451	-0.012634	0.000238
1000.000000	0.000105	-4.649190E-6	0.461672	-0.013489	0.000227
1050.000000	0.000100	-4.768410E-7	0.491579	-0.003723	0.000204
1100.000000	0.000119	7.152590E-7	0.621830	-0.005371	0.000192
1150.000000	0.000119	5.960500E-7	0.659855	-0.002808	0.000181
1200.000000	0.000117	-8.940730E-7	0.692387	-0.000366	0.000170
1250.000000	0.000109	-2.264990E-6	0.697453	0.001587	0.000156
1300.000000	0.000102	-5.245240E-6	0.721684	0.002441	0.000142
1350.000000	8.261250E-5	-7.450610E-6	0.631535	0.001526	0.000131
1400.000000	5.495570E-5	-7.450610E-6	0.452150	0.004211	0.000122
1450.000000	6.198930E-5	-1.144420E-5	0.589542	0.004028	0.000105
1500.000000	6.580400E-5	-1.513960E-5	0.668278	0.003479	9.846800E-5
1550.000000	5.900880E-5	-1.519920E-5	0.645390	0.003906	9.143123E-5
1600.000000	5.012770E-5	-1.239780E-5	0.593388	0.004517	8.447710E-5
1650.000000	4.172350E-5	-8.583130E-6	0.517338	0.004822	8.065037E-5
1700.000000	1.776230E-5	-3.159060E-6	0.213258	0.001770	8.329019E-5
1750.000000	3.516690E-6	-6.556550E-7	0.041260	0.000244	8.523243E-5
