800.000000	1.019250E-5	-1.072890E-6	0.046326	-0.001587	0.000220
850.000000	2.145780E-5	-1.847750E-6	0.097962	-0.003052	0.000219
900.000000	4.255790E-5	-2.741830E-6	0.202516	-0.005981	0.000210
950.000000	7.951310E-5	-4.649190E-6	0.333620	-0.012512	0.000238
1000.000000	0.000104	-3.993540E-6	0.459291	-0.013306	0.000226
1050.000000	0.000100	2.384200E-7	0.490419	-0.002747	0.000204
1100.000000	0.000119	1.013290E-6	0.617924	-0.005005	0.000192
1150.000000	0.000119	1.013290E-6	0.657230	-0.002502	0.000182
1200.000000	0.000117	-5.364450E-7	0.689396	-0.000244	0.000170
1250.000000	0.000109	-2.086180E-6	0.694218	0.001831	0.000156
1300.000000	0.000102	-5.483660E-6	0.718876	0.002563	0.000142
1350.000000	8.249330E-5	-7.689060E-6	0.629154	0.001587	0.000131
1400.000000	5.453850E-5	-7.689060E-6	0.450258	0.004150	0.000121
1450.000000	6.210850E-5	-1.174220E-5	0.587040	0.003906	0.000106
1500.000000	6.640000E-5	-1.555690E-5	0.666386	0.003418	9.964195E-5
1550.000000	5.960490E-5	-1.537810E-5	0.642948	0.003845	9.270563E-5
1600.000000	5.072380E-5	-1.281510E-5	0.591496	0.004456	8.575510E-5
1650.000000	4.220030E-5	-9.119570E-6	0.515812	0.004761	8.181334E-5
1700.000000	1.788150E-5	-3.755110E-6	0.212464	0.001709	8.416249E-5
1750.000000	3.397480E-6	-9.536820E-7	0.040955	0.000244	8.295682E-5
