800.000000	1.388790E-5	-1.251700E-6	0.062439	-0.002136	0.000222
850.000000	2.199420E-5	-1.788150E-6	0.098633	-0.003113	0.000223
900.000000	4.315400E-5	-3.218670E-6	0.203126	-0.005981	0.000212
950.000000	7.969190E-5	-5.066420E-6	0.334597	-0.012573	0.000238
1000.000000	0.000104	-4.291560E-6	0.459902	-0.013367	0.000227
1050.000000	0.000102	1.788150E-7	0.497072	-0.001709	0.000205
1100.000000	0.000119	1.311310E-6	0.616520	-0.004944	0.000192
1150.000000	0.000119	1.132500E-6	0.654728	-0.002441	0.000182
1200.000000	0.000117	-1.192100E-7	0.686771	-0.000183	0.000171
1250.000000	0.000109	-1.847750E-6	0.691532	0.001892	0.000157
1300.000000	0.000103	-5.066420E-6	0.716190	0.002441	0.000143
1350.000000	8.273170E-5	-8.165890E-6	0.627079	0.001465	0.000132
1400.000000	5.519410E-5	-7.689060E-6	0.448549	0.004089	0.000123
1450.000000	6.365820E-5	-1.227860E-5	0.585331	0.003845	0.000109
1500.000000	6.806900E-5	-1.585500E-5	0.664677	0.003479	0.000102
1550.000000	6.067780E-5	-1.573570E-5	0.641605	0.003723	9.457189E-5
1600.000000	5.161790E-5	-1.317270E-5	0.590336	0.004272	8.743817E-5
1650.000000	4.267720E-5	-9.119570E-6	0.514957	0.004517	8.287527E-5
1700.000000	1.788150E-5	-3.755110E-6	0.212098	0.001648	8.430773E-5
1750.000000	3.814730E-6	-6.556550E-7	0.041016	0.000244	9.300613E-5
