800.000000	9.894430E-6	-1.192100E-6	0.050782	-0.001770	0.000195
850.000000	2.211340E-5	-2.086180E-6	0.107911	-0.003418	0.000205
900.000000	4.655150E-5	-4.172350E-6	0.224366	-0.006409	0.000207
950.000000	8.964590E-5	-7.927480E-6	0.371645	-0.013611	0.000241
1000.000000	0.000120	-9.834820E-6	0.513676	-0.014038	0.000233
1050.000000	0.000118	-5.781680E-6	0.549931	-0.001587	0.000214
1100.000000	0.000138	-5.543260E-6	0.692448	-0.003784	0.000200
1150.000000	0.000138	-6.496940E-6	0.735783	-0.000427	0.000187
1200.000000	0.000134	-8.404310E-6	0.769718	0.002625	0.000174
1250.000000	0.000123	-9.775220E-6	0.771366	0.004883	0.000159
1300.000000	0.000113	-1.096730E-5	0.794132	0.005981	0.000143
1350.000000	8.833450E-5	-1.281510E-5	0.692142	0.004517	0.000128
1400.000000	5.763790E-5	-9.536800E-6	0.491640	0.006531	0.000117
1450.000000	6.431390E-5	-1.347070E-5	0.636417	0.006470	0.000101
1500.000000	6.800940E-5	-1.698740E-5	0.718021	0.005981	9.471784E-5
1550.000000	6.234690E-5	-1.710660E-5	0.688541	0.005920	9.054929E-5
1600.000000	5.280990E-5	-1.442440E-5	0.629826	0.005920	8.384840E-5
1650.000000	4.380960E-5	-9.715620E-6	0.546513	0.005676	8.016205E-5
1700.000000	1.811990E-5	-3.814730E-6	0.223695	0.002014	8.100270E-5
1750.000000	3.457080E-6	-1.013290E-6	0.042786	0.000305	8.079952E-5
