800.000000	1.007320E-5	-1.013290E-6	0.050537	-0.001770	0.000199
850.000000	2.187500E-5	-2.086180E-6	0.107544	-0.003357	0.000203
900.000000	4.571700E-5	-3.993540E-6	0.223695	-0.006287	0.000204
950.000000	8.904980E-5	-7.867870E-6	0.370485	-0.013367	0.000240
1000.000000	0.000119	-9.119570E-6	0.512333	-0.013794	0.000233
1050.000000	0.000117	-5.066420E-6	0.548710	-0.001343	0.000214
1100.000000	0.000138	-5.483660E-6	0.691288	-0.003357	0.000200
1150.000000	0.000137	-6.020100E-6	0.734318	-0.000122	0.000187
1200.000000	0.000134	-8.344710E-6	0.768925	0.002869	0.000174
1250.000000	0.000122	-9.834820E-6	0.770329	0.005066	0.000159
1300.000000	0.000113	-1.144420E-5	0.792973	0.006165	0.000142
1350.000000	8.845380E-5	-1.233820E-5	0.691227	0.004700	0.000128
1400.000000	5.745910E-5	-9.715620E-6	0.490908	0.006592	0.000117
1450.000000	6.383700E-5	-1.370910E-5	0.635685	0.006592	0.000100
1500.000000	6.824780E-5	-1.704700E-5	0.717899	0.005981	9.506602E-5
1550.000000	6.192970E-5	-1.728550E-5	0.688786	0.006043	8.991138E-5
1600.000000	5.221390E-5	-1.478200E-5	0.630009	0.006104	8.287802E-5
1650.000000	4.333280E-5	-9.894430E-6	0.546268	0.005920	7.932517E-5
1700.000000	1.859680E-5	-3.933940E-6	0.223756	0.002075	8.311196E-5
1750.000000	3.755110E-6	-1.311310E-6	0.042847	0.000305	8.764018E-5
