800.000000	1.370910E-5	-1.192100E-6	0.068238	-0.002380	0.000201
850.000000	2.205380E-5	-1.728540E-6	0.108460	-0.003357	0.000203
900.000000	4.607460E-5	-4.172350E-6	0.224122	-0.006226	0.000206
950.000000	8.934780E-5	-7.510210E-6	0.371218	-0.013245	0.000241
1000.000000	0.000119	-9.179170E-6	0.513065	-0.013489	0.000233
1050.000000	0.000117	-5.602870E-6	0.550846	-0.000916	0.000213
1100.000000	0.000139	-5.364450E-6	0.692265	-0.003052	0.000200
1150.000000	0.000138	-6.079700E-6	0.735538	0.000305	0.000187
1200.000000	0.000134	-7.867870E-6	0.770023	0.003174	0.000174
1250.000000	0.000123	-9.000360E-6	0.771488	0.005493	0.000160
1300.000000	0.000113	-1.144420E-5	0.794193	0.006409	0.000142
1350.000000	8.827490E-5	-1.287470E-5	0.692692	0.004883	0.000127
1400.000000	5.739950E-5	-9.477200E-6	0.492006	0.006775	0.000117
1450.000000	6.419470E-5	-1.376870E-5	0.636539	0.006836	0.000101
1500.000000	6.836700E-5	-1.746430E-5	0.718632	0.006348	9.513492E-5
1550.000000	6.169130E-5	-1.740470E-5	0.689518	0.006287	8.947018E-5
1600.000000	5.239270E-5	-1.478200E-5	0.630497	0.006226	8.309746E-5
1650.000000	4.339240E-5	-9.954030E-6	0.547001	0.005981	7.932783E-5
1700.000000	1.919280E-5	-4.172350E-6	0.224000	0.002136	8.568214E-5
1750.000000	3.874330E-6	-9.536820E-7	0.042847	0.000305	9.042264E-5
