800.000000	1.382830E-5	-1.490120E-6	0.068299	-0.002319	0.000202
850.000000	2.229230E-5	-1.966970E-6	0.108582	-0.003235	0.000205
900.000000	4.673030E-5	-3.874330E-6	0.224305	-0.006165	0.000208
950.000000	8.970550E-5	-7.689060E-6	0.371035	-0.013000	0.000242
1000.000000	0.000120	-8.881150E-6	0.513126	-0.013245	0.000234
1050.000000	0.000117	-5.126030E-6	0.549137	-0.001221	0.000213
1100.000000	0.000138	-4.768400E-6	0.692570	-0.002930	0.000199
1150.000000	0.000137	-5.066420E-6	0.735477	0.000488	0.000187
1200.000000	0.000134	-7.033380E-6	0.769901	0.003418	0.000174
1250.000000	0.000123	-8.463920E-6	0.771671	0.005615	0.000160
1300.000000	0.000113	-9.775220E-6	0.794254	0.006653	0.000143
1350.000000	8.881140E-5	-1.132490E-5	0.691898	0.005066	0.000128
1400.000000	5.769750E-5	-8.821550E-6	0.491579	0.006836	0.000117
1450.000000	6.473110E-5	-1.293430E-5	0.636600	0.006775	0.000102
1500.000000	6.920150E-5	-1.686820E-5	0.718998	0.006165	9.624714E-5
1550.000000	6.264490E-5	-1.764310E-5	0.690128	0.006043	9.077287E-5
1600.000000	5.310800E-5	-1.454360E-5	0.631290	0.005981	8.412615E-5
1650.000000	4.440570E-5	-1.031170E-5	0.548100	0.005676	8.101752E-5
1700.000000	1.931200E-5	-4.172350E-6	0.225282	0.002014	8.572367E-5
1750.000000	3.755110E-6	-1.013290E-6	0.043396	0.000244	8.653085E-5
