800.000000	1.025210E-5	-1.013290E-6	0.050537	-0.001770	0.000203
850.000000	2.223260E-5	-2.205390E-6	0.107483	-0.003296	0.000207
900.000000	4.649190E-5	-3.933940E-6	0.223268	-0.006287	0.000208
950.000000	8.958620E-5	-7.510210E-6	0.370119	-0.013306	0.000242
1000.000000	0.000120	-9.238780E-6	0.512882	-0.013733	0.000233
1050.000000	0.000117	-5.602870E-6	0.549015	-0.001587	0.000214
1100.000000	0.000139	-5.602870E-6	0.693424	-0.003357	0.000200
1150.000000	0.000137	-5.781680E-6	0.736454	-6.103560E-5	0.000187
1200.000000	0.000134	-7.510210E-6	0.770695	0.002808	0.000174
1250.000000	0.000123	-8.463920E-6	0.772404	0.005127	0.000159
1300.000000	0.000113	-9.834820E-6	0.795353	0.006287	0.000142
1350.000000	8.857300E-5	-1.108650E-5	0.692692	0.004761	0.000128
1400.000000	5.716110E-5	-8.463920E-6	0.491945	0.006653	0.000116
1450.000000	6.395620E-5	-1.263620E-5	0.636906	0.006714	0.000100
1500.000000	6.866500E-5	-1.668940E-5	0.719120	0.006104	9.548476E-5
1550.000000	6.282380E-5	-1.746430E-5	0.690067	0.006043	9.104015E-5
1600.000000	5.322720E-5	-1.519920E-5	0.631107	0.005920	8.433942E-5
1650.000000	4.422690E-5	-1.037130E-5	0.547794	0.005798	8.073637E-5
1700.000000	1.913320E-5	-4.112750E-6	0.225160	0.002014	8.497602E-5
1750.000000	4.053140E-6	-8.344690E-7	0.043396	0.000244	9.339850E-5
