800.000000	9.954030E-6	-1.192100E-6	0.050415	-0.001770	0.000197
850.000000	2.217300E-5	-2.324600E-6	0.107239	-0.003357	0.000207
900.000000	4.637260E-5	-3.814730E-6	0.222901	-0.006348	0.000208
950.000000	8.976510E-5	-7.927480E-6	0.369204	-0.013367	0.000243
1000.000000	0.000120	-9.000360E-6	0.510258	-0.013733	0.000235
1050.000000	0.000117	-4.708800E-6	0.546513	-0.001587	0.000213
1100.000000	0.000138	-4.887610E-6	0.689274	-0.003479	0.000200
1150.000000	0.000138	-5.126030E-6	0.732059	-0.000244	0.000188
1200.000000	0.000134	-6.794960E-6	0.765873	0.002625	0.000175
1250.000000	0.000124	-8.225500E-6	0.767704	0.004944	0.000161
1300.000000	0.000114	-1.025210E-5	0.790592	0.005920	0.000144
1350.000000	8.893060E-5	-1.150380E-5	0.688541	0.004456	0.000129
1400.000000	5.763790E-5	-8.881150E-6	0.489016	0.006409	0.000118
1450.000000	6.496950E-5	-1.335150E-5	0.633915	0.006226	0.000102
1500.000000	6.955910E-5	-1.680860E-5	0.716190	0.005615	9.712381E-5
1550.000000	6.330060E-5	-1.746430E-5	0.687565	0.005554	9.206490E-5
1600.000000	5.322720E-5	-1.478200E-5	0.629154	0.005615	8.460123E-5
1650.000000	4.434610E-5	-1.013280E-5	0.546085	0.005432	8.120732E-5
1700.000000	1.919280E-5	-3.933940E-6	0.224732	0.001892	8.540306E-5
1750.000000	4.231960E-6	-7.152590E-7	0.043213	0.000244	9.793234E-5
