800.000000	1.114610E-5	-1.370910E-6	0.063538	-0.001953	0.000175
850.000000	1.919280E-5	-1.788150E-6	0.100770	-0.002747	0.000190
900.000000	4.249830E-5	-3.218670E-6	0.207704	-0.005127	0.000205
950.000000	8.511590E-5	-5.662470E-6	0.342775	-0.011109	0.000248
1000.000000	0.000114	-5.781680E-6	0.472414	-0.011170	0.000242
1050.000000	0.000112	-9.536820E-7	0.509342	0.000610	0.000220
1100.000000	0.000130	5.960500E-7	0.635014	-0.001709	0.000205
1150.000000	0.000130	1.192100E-7	0.675175	0.001160	0.000192
1200.000000	0.000126	-9.536820E-7	0.708500	0.003662	0.000178
1250.000000	0.000116	-2.980250E-6	0.712894	0.005554	0.000162
1300.000000	0.000108	-6.377730E-6	0.737370	0.006348	0.000147
1350.000000	8.767890E-5	-8.940750E-6	0.644962	0.004761	0.000136
1400.000000	5.847240E-5	-8.642730E-6	0.460573	0.006409	0.000127
1450.000000	6.747290E-5	-1.341110E-5	0.600101	0.006714	0.000112
1500.000000	7.253930E-5	-1.770270E-5	0.681217	0.006348	0.000106
1550.000000	6.479070E-5	-1.752390E-5	0.656864	0.006287	9.863640E-5
1600.000000	5.567100E-5	-1.311310E-5	0.603886	0.006348	9.218793E-5
1650.000000	4.678990E-5	-8.881150E-6	0.526066	0.006287	8.894302E-5
1700.000000	2.080210E-5	-4.053140E-6	0.216065	0.002319	9.627705E-5
1750.000000	4.410770E-6	-1.072890E-6	0.041565	0.000366	0.000106
