800.000000	8.344710E-6	-1.221900E-6	0.047425	-0.001404	0.000176
850.000000	1.898420E-5	-2.056370E-6	0.100342	-0.002625	0.000189
900.000000	4.243870E-5	-3.218670E-6	0.208009	-0.005005	0.000204
950.000000	8.490730E-5	-5.722080E-6	0.343386	-0.010986	0.000247
1000.000000	0.000114	-5.513460E-6	0.472597	-0.010925	0.000240
1050.000000	0.000112	-5.662480E-7	0.510075	0.000916	0.000219
1100.000000	0.000130	8.344690E-7	0.636234	-0.001404	0.000205
1150.000000	0.000129	5.662480E-7	0.676640	0.001526	0.000191
1200.000000	0.000126	-5.066430E-7	0.709904	0.004028	0.000177
1250.000000	0.000116	-2.801430E-6	0.714298	0.006104	0.000162
1300.000000	0.000108	-6.139310E-6	0.737980	0.006897	0.000146
1350.000000	8.764910E-5	-9.357990E-6	0.645512	0.005127	0.000136
1400.000000	5.817440E-5	-8.821550E-6	0.461000	0.006653	0.000126
1450.000000	6.663850E-5	-1.394750E-5	0.600285	0.007080	0.000111
1500.000000	7.230090E-5	-1.785170E-5	0.681461	0.006775	0.000106
1550.000000	6.470130E-5	-1.731530E-5	0.657230	0.006653	9.844545E-5
1600.000000	5.564120E-5	-1.329190E-5	0.604374	0.006714	9.206419E-5
1650.000000	4.702830E-5	-9.000360E-6	0.526371	0.006470	8.934440E-5
1700.000000	2.059350E-5	-4.410770E-6	0.216371	0.002441	9.517680E-5
1750.000000	4.738600E-6	-1.281510E-6	0.041626	0.000427	0.000114
