800.000000	9.357990E-6	-1.102690E-6	0.050415	-0.001343	0.000186
850.000000	1.880540E-5	-1.847750E-6	0.100647	-0.002563	0.000187
900.000000	4.228970E-5	-3.397480E-6	0.208375	-0.004883	0.000203
950.000000	8.454970E-5	-5.632670E-6	0.343386	-0.010620	0.000246
1000.000000	0.000113	-5.275040E-6	0.473452	-0.010559	0.000240
1050.000000	0.000112	-8.940730E-7	0.510868	0.000977	0.000219
1100.000000	0.000130	3.576300E-7	0.637211	-0.001099	0.000204
1150.000000	0.000129	3.874320E-7	0.677860	0.001831	0.000191
1200.000000	0.000126	-7.450620E-7	0.711063	0.004456	0.000177
1250.000000	0.000115	-2.533210E-6	0.715092	0.006348	0.000161
1300.000000	0.000108	-6.347920E-6	0.739140	0.007141	0.000146
1350.000000	8.735110E-5	-8.970560E-6	0.646183	0.005493	0.000135
1400.000000	5.787630E-5	-8.642730E-6	0.461550	0.006897	0.000125
1450.000000	6.634040E-5	-1.361970E-5	0.601688	0.007385	0.000110
1500.000000	7.137700E-5	-1.749410E-5	0.682499	0.007019	0.000105
1550.000000	6.380720E-5	-1.651060E-5	0.657719	0.007019	9.701286E-5
1600.000000	5.465770E-5	-1.293430E-5	0.604679	0.007019	9.039127E-5
1650.000000	4.640240E-5	-8.672530E-6	0.526615	0.006775	8.811447E-5
1700.000000	2.074250E-5	-3.784910E-6	0.216371	0.002502	9.586543E-5
1750.000000	4.529980E-6	-8.940730E-7	0.041626	0.000427	0.000109
