800.000000	9.536800E-6	-1.013290E-6	0.049805	-0.001709	0.000191
850.000000	2.157700E-5	-2.145780E-6	0.105896	-0.003235	0.000204
900.000000	4.541900E-5	-3.755110E-6	0.219972	-0.006104	0.000206
950.000000	8.851340E-5	-6.973770E-6	0.364077	-0.013000	0.000243
1000.000000	0.000118	-8.106290E-6	0.502934	-0.013306	0.000235
1050.000000	0.000116	-4.172350E-6	0.538151	-0.001343	0.000215
1100.000000	0.000137	-4.112750E-6	0.678776	-0.003235	0.000202
1150.000000	0.000136	-4.768400E-6	0.721622	-0.000122	0.000189
1200.000000	0.000133	-6.377730E-6	0.755253	0.002869	0.000176
1250.000000	0.000122	-7.391010E-6	0.757755	0.005066	0.000161
1300.000000	0.000113	-9.954030E-6	0.781315	0.005920	0.000144
1350.000000	8.857300E-5	-1.156340E-5	0.681461	0.004456	0.000130
1400.000000	5.757830E-5	-9.417590E-6	0.484560	0.006409	0.000119
1450.000000	6.473110E-5	-1.370910E-5	0.628300	0.006409	0.000103
1500.000000	6.961870E-5	-1.734510E-5	0.710453	0.005737	9.799199E-5
1550.000000	6.312180E-5	-1.710660E-5	0.682133	0.005676	9.253591E-5
1600.000000	5.322720E-5	-1.394750E-5	0.623417	0.005615	8.537977E-5
1650.000000	4.458450E-5	-9.656010E-6	0.540714	0.005554	8.245487E-5
1700.000000	1.937160E-5	-4.112750E-6	0.222718	0.001953	8.697815E-5
1750.000000	3.874330E-6	-1.311310E-6	0.042969	0.000244	9.016570E-5
