800.000000	1.287470E-5	-1.490120E-6	0.067078	-0.002319	0.000192
850.000000	2.145780E-5	-1.907360E-6	0.106507	-0.003235	0.000201
900.000000	4.535940E-5	-3.755110E-6	0.219605	-0.006104	0.000207
950.000000	8.833450E-5	-7.092980E-6	0.363405	-0.012939	0.000243
1000.000000	0.000118	-8.523520E-6	0.501835	-0.013306	0.000236
1050.000000	0.000116	-4.231960E-6	0.537296	-0.001282	0.000215
1100.000000	0.000136	-3.874330E-6	0.677494	-0.003235	0.000201
1150.000000	0.000136	-4.291560E-6	0.719975	-0.000122	0.000189
1200.000000	0.000133	-6.496940E-6	0.754154	0.002686	0.000176
1250.000000	0.000122	-7.987080E-6	0.756474	0.004883	0.000161
1300.000000	0.000113	-9.834820E-6	0.780216	0.005920	0.000144
1350.000000	8.887100E-5	-1.114610E-5	0.680424	0.004456	0.000131
1400.000000	5.775710E-5	-9.119570E-6	0.483950	0.006470	0.000119
1450.000000	6.502910E-5	-1.281510E-5	0.627323	0.006409	0.000104
1500.000000	6.914190E-5	-1.734510E-5	0.709293	0.005798	9.748003E-5
1550.000000	6.258530E-5	-1.728550E-5	0.681461	0.005676	9.183989E-5
1600.000000	5.304840E-5	-1.406680E-5	0.624027	0.005676	8.500978E-5
1650.000000	4.458450E-5	-9.834820E-6	0.542240	0.005554	8.222282E-5
1700.000000	1.943120E-5	-4.053140E-6	0.223878	0.001953	8.679370E-5
1750.000000	3.695500E-6	-1.013290E-6	0.042908	0.000244	8.612613E-5
