800.000000	9.596410E-6	-1.013290E-6	0.049805	-0.001709	0.000193
850.000000	2.127900E-5	-2.086180E-6	0.106629	-0.003235	0.000200
900.000000	4.541900E-5	-3.874330E-6	0.220643	-0.006104	0.000206
950.000000	8.881140E-5	-7.212190E-6	0.365114	-0.013000	0.000243
1000.000000	0.000119	-8.523520E-6	0.506535	-0.013306	0.000235
1050.000000	0.000116	-4.410770E-6	0.537968	-0.001404	0.000215
1100.000000	0.000137	-4.053140E-6	0.682255	-0.003174	0.000201
1150.000000	0.000136	-4.589590E-6	0.722050	-0.000122	0.000188
1200.000000	0.000133	-6.198910E-6	0.755680	0.002747	0.000176
1250.000000	0.000122	-7.748660E-6	0.758060	0.004944	0.000161
1300.000000	0.000112	-1.001360E-5	0.781437	0.005859	0.000144
1350.000000	8.851340E-5	-1.168260E-5	0.681095	0.004395	0.000130
1400.000000	5.704190E-5	-9.357990E-6	0.481813	0.006409	0.000118
1450.000000	6.508870E-5	-1.305350E-5	0.628178	0.006287	0.000104
1500.000000	6.961870E-5	-1.692780E-5	0.710575	0.005676	9.797516E-5
1550.000000	6.258530E-5	-1.728550E-5	0.682194	0.005554	9.174121E-5
1600.000000	5.310800E-5	-1.424560E-5	0.624393	0.005615	8.505541E-5
1650.000000	4.464410E-5	-9.596410E-6	0.542606	0.005554	8.227720E-5
1700.000000	1.943120E-5	-3.814730E-6	0.221131	0.001953	8.787189E-5
1750.000000	3.993540E-6	-9.536820E-7	0.042298	0.000244	9.441529E-5
