800.000000	8.940750E-6	-8.940730E-7	0.047852	-0.001709	0.000187
850.000000	2.020610E-5	-1.788150E-6	0.101380	-0.003235	0.000199
900.000000	4.398850E-5	-3.695500E-6	0.210267	-0.006348	0.000209
950.000000	8.541390E-5	-6.437330E-6	0.346315	-0.013245	0.000247
1000.000000	0.000115	-6.735350E-6	0.477480	-0.014038	0.000240
1050.000000	0.000112	-2.622620E-6	0.509953	-0.003052	0.000219
1100.000000	0.000132	-1.668940E-6	0.664555	-0.004395	0.000199
1150.000000	0.000132	-2.563010E-6	0.685917	-0.002380	0.000193
1200.000000	0.000128	-4.053140E-6	0.718632	0.000122	0.000179
1250.000000	0.000118	-5.304840E-6	0.721622	0.002197	0.000163
1300.000000	0.000109	-8.106290E-6	0.746464	0.002991	0.000146
1350.000000	8.601000E-5	-1.001360E-5	0.646610	0.001892	0.000133
1400.000000	5.507490E-5	-8.940750E-6	0.451662	0.004822	0.000122
1450.000000	6.520790E-5	-1.281510E-5	0.603458	0.004395	0.000108
1500.000000	6.914190E-5	-1.579530E-5	0.685856	0.003540	0.000101
1550.000000	6.175090E-5	-1.573570E-5	0.656864	0.003723	9.400865E-5
1600.000000	5.269070E-5	-1.221900E-5	0.603031	0.004211	8.737644E-5
1650.000000	4.482290E-5	-8.940750E-6	0.525639	0.004395	8.527316E-5
1700.000000	1.925240E-5	-4.053140E-6	0.212708	0.001526	9.051094E-5
1750.000000	3.516690E-6	-9.536820E-7	0.035889	0.000183	9.798824E-5
