800.000000	8.881150E-6	-1.013290E-6	0.047974	-0.001709	0.000185
850.000000	2.098100E-5	-2.026570E-6	0.106202	-0.003418	0.000198
900.000000	4.547860E-5	-4.053140E-6	0.217286	-0.006592	0.000209
950.000000	8.869220E-5	-7.033380E-6	0.356020	-0.013855	0.000249
1000.000000	0.000116	-7.271800E-6	0.484011	-0.014099	0.000239
1050.000000	0.000112	-3.218670E-6	0.511295	-0.002991	0.000219
1100.000000	0.000133	-1.788150E-6	0.647099	-0.005127	0.000205
1150.000000	0.000132	-2.145780E-6	0.686405	-0.002380	0.000193
1200.000000	0.000129	-3.695500E-6	0.719730	0.000183	0.000179
1250.000000	0.000118	-5.185630E-6	0.722172	0.002197	0.000164
1300.000000	0.000110	-8.046690E-6	0.747196	0.002991	0.000147
1350.000000	8.654640E-5	-1.031170E-5	0.646549	0.001892	0.000134
1400.000000	5.733990E-5	-8.583130E-6	0.462282	0.004578	0.000124
1450.000000	6.544640E-5	-1.269580E-5	0.605534	0.004150	0.000108
1500.000000	6.967830E-5	-1.573570E-5	0.685673	0.003418	0.000102
1550.000000	6.288340E-5	-1.585500E-5	0.660038	0.003723	9.527239E-5
1600.000000	5.322720E-5	-1.275550E-5	0.605595	0.003967	8.789240E-5
1650.000000	4.500170E-5	-8.940750E-6	0.525883	0.004272	8.557360E-5
1700.000000	1.966960E-5	-3.635900E-6	0.213868	0.001465	9.197075E-5
1750.000000	3.695500E-6	-8.344690E-7	0.038025	0.000183	9.718581E-5
