800.000000	1.251700E-5	-1.311310E-6	0.064515	-0.002319	0.000194
850.000000	2.080210E-5	-1.788150E-6	0.102173	-0.003296	0.000204
900.000000	4.380960E-5	-3.635900E-6	0.210023	-0.006348	0.000209
950.000000	8.559270E-5	-6.258520E-6	0.346315	-0.013245	0.000247
1000.000000	0.000115	-6.794960E-6	0.477175	-0.014038	0.000240
1050.000000	0.000112	-2.920640E-6	0.510075	-0.003174	0.000219
1100.000000	0.000132	-2.086180E-6	0.642826	-0.005249	0.000206
1150.000000	0.000132	-2.205390E-6	0.683109	-0.002502	0.000193
1200.000000	0.000128	-3.993540E-6	0.716190	0.000000	0.000179
1250.000000	0.000118	-5.543260E-6	0.719975	0.002075	0.000164
1300.000000	0.000110	-7.987080E-6	0.743900	0.002930	0.000147
1350.000000	8.714250E-5	-9.775220E-6	0.649601	0.001892	0.000134
1400.000000	5.739950E-5	-8.344710E-6	0.463808	0.004517	0.000124
1450.000000	6.502910E-5	-1.263620E-5	0.603275	0.004150	0.000108
1500.000000	6.973790E-5	-1.561650E-5	0.683537	0.003418	0.000102
1550.000000	6.252570E-5	-1.597420E-5	0.658390	0.003723	9.496757E-5
1600.000000	5.310800E-5	-1.281510E-5	0.604557	0.004089	8.784614E-5
1650.000000	4.476330E-5	-9.000360E-6	0.526432	0.004395	8.503150E-5
1700.000000	1.978890E-5	-3.874330E-6	0.216310	0.001526	9.148398E-5
1750.000000	3.933940E-6	-1.013290E-6	0.041687	0.000183	9.436783E-5
