800.000000	1.227860E-5	-1.132500E-6	0.063721	-0.002258	0.000193
850.000000	2.002730E-5	-2.086180E-6	0.100708	-0.003235	0.000199
900.000000	4.315400E-5	-3.218670E-6	0.206849	-0.006226	0.000209
950.000000	8.511590E-5	-6.139310E-6	0.340700	-0.013000	0.000250
1000.000000	0.000114	-6.556540E-6	0.468935	-0.013733	0.000243
1050.000000	0.000110	-1.788150E-6	0.500980	-0.002991	0.000220
1100.000000	0.000130	-8.344690E-7	0.630375	-0.005310	0.000207
1150.000000	0.000130	-8.940730E-7	0.669926	-0.002747	0.000194
1200.000000	0.000126	-2.264990E-6	0.701481	-0.000183	0.000180
1250.000000	0.000116	-3.933940E-6	0.706547	0.001892	0.000164
1300.000000	0.000108	-6.556540E-6	0.730656	0.002625	0.000148
1350.000000	8.690400E-5	-9.357990E-6	0.637455	0.001648	0.000136
1400.000000	5.716110E-5	-8.523520E-6	0.455446	0.004211	0.000126
1450.000000	6.538680E-5	-1.257660E-5	0.593876	0.003906	0.000110
1500.000000	6.997630E-5	-1.621260E-5	0.673893	0.003174	0.000104
1550.000000	6.288340E-5	-1.609340E-5	0.649662	0.003540	9.679403E-5
1600.000000	5.322720E-5	-1.227860E-5	0.597477	0.004028	8.908661E-5
1650.000000	4.541900E-5	-8.463920E-6	0.520695	0.004272	8.722765E-5
1700.000000	2.020610E-5	-3.516690E-6	0.214173	0.001526	9.434476E-5
1750.000000	4.231960E-6	-1.013290E-6	0.041260	0.000183	0.000103
