800.000000	8.642730E-6	-1.072890E-6	0.047119	-0.001648	0.000183
850.000000	1.955040E-5	-1.788150E-6	0.099732	-0.003174	0.000196
900.000000	4.291560E-5	-3.576290E-6	0.206422	-0.006165	0.000208
950.000000	8.446020E-5	-6.020100E-6	0.340151	-0.012878	0.000248
1000.000000	0.000114	-6.139310E-6	0.468508	-0.013611	0.000242
1050.000000	0.000110	-1.609330E-6	0.499636	-0.003174	0.000221
1100.000000	0.000130	-7.748640E-7	0.631107	-0.005188	0.000206
1150.000000	0.000130	-1.192100E-6	0.670780	-0.002502	0.000193
1200.000000	0.000127	-2.563010E-6	0.703434	-6.103560E-5	0.000180
1250.000000	0.000116	-3.814730E-6	0.707951	0.001953	0.000164
1300.000000	0.000108	-6.258520E-6	0.732487	0.002808	0.000148
1350.000000	8.684440E-5	-8.761940E-6	0.639957	0.001648	0.000136
1400.000000	5.733990E-5	-8.344710E-6	0.457705	0.004334	0.000125
1450.000000	6.538680E-5	-1.275550E-5	0.595951	0.004089	0.000110
1500.000000	6.932070E-5	-1.561650E-5	0.676029	0.003357	0.000103
1550.000000	6.228730E-5	-1.531850E-5	0.651737	0.003662	9.557122E-5
1600.000000	5.328680E-5	-1.156340E-5	0.598820	0.004150	8.898634E-5
1650.000000	4.506130E-5	-8.523520E-6	0.522282	0.004456	8.627772E-5
1700.000000	2.008690E-5	-3.576290E-6	0.214723	0.001587	9.354797E-5
1750.000000	4.112750E-6	-1.013290E-6	0.041321	0.000244	9.953172E-5
