800.000000	8.583130E-6	-7.152590E-7	0.047058	-0.001648	0.000182
850.000000	1.978890E-5	-1.668940E-6	0.099610	-0.003174	0.000199
900.000000	4.279640E-5	-3.218670E-6	0.206239	-0.006165	0.000208
950.000000	8.463910E-5	-5.841280E-6	0.339785	-0.012939	0.000249
1000.000000	0.000113	-6.079700E-6	0.468019	-0.013672	0.000242
1050.000000	0.000110	-2.086180E-6	0.499025	-0.003174	0.000221
1100.000000	0.000130	-7.152590E-7	0.630070	-0.005249	0.000207
1150.000000	0.000130	-7.748640E-7	0.669682	-0.002625	0.000194
1200.000000	0.000127	-2.682220E-6	0.702152	0.000000	0.000181
1250.000000	0.000116	-4.112750E-6	0.706730	0.001892	0.000165
1300.000000	0.000108	-6.616140E-6	0.731205	0.002747	0.000148
1350.000000	8.684440E-5	-9.238780E-6	0.638920	0.001709	0.000136
1400.000000	5.728030E-5	-8.344710E-6	0.456423	0.004334	0.000125
1450.000000	6.514830E-5	-1.245740E-5	0.595097	0.004028	0.000109
1500.000000	6.973790E-5	-1.561650E-5	0.674870	0.003296	0.000103
1550.000000	6.240650E-5	-1.579530E-5	0.650700	0.003601	9.590672E-5
1600.000000	5.310800E-5	-1.204020E-5	0.598148	0.004028	8.878739E-5
1650.000000	4.482290E-5	-8.404310E-6	0.521244	0.004334	8.599216E-5
1700.000000	2.002730E-5	-3.755110E-6	0.214295	0.001526	9.345668E-5
1750.000000	4.410770E-6	-1.072890E-6	0.041321	0.000183	0.000107
