800.000000	8.583130E-6	-1.072890E-6	0.046753	-0.001587	0.000184
850.000000	1.931200E-5	-1.907360E-6	0.099060	-0.003052	0.000195
900.000000	4.285600E-5	-3.397480E-6	0.204896	-0.005859	0.000209
950.000000	8.446020E-5	-5.781680E-6	0.337893	-0.012390	0.000250
1000.000000	0.000113	-5.304840E-6	0.465090	-0.013000	0.000243
1050.000000	0.000110	-1.311310E-6	0.495852	-0.002686	0.000221
1100.000000	0.000130	3.576300E-7	0.626469	-0.004578	0.000207
1150.000000	0.000130	1.788150E-7	0.666080	-0.001892	0.000195
1200.000000	0.000126	-1.549730E-6	0.698856	0.000610	0.000181
1250.000000	0.000116	-3.099460E-6	0.703556	0.002441	0.000164
1300.000000	0.000108	-5.781680E-6	0.728336	0.003357	0.000148
1350.000000	8.654640E-5	-8.761940E-6	0.636906	0.002258	0.000136
1400.000000	5.716110E-5	-8.344710E-6	0.455263	0.004761	0.000126
1450.000000	6.562520E-5	-1.257660E-5	0.593388	0.004578	0.000111
1500.000000	7.039360E-5	-1.597420E-5	0.673344	0.003906	0.000105
1550.000000	6.318140E-5	-1.549730E-5	0.649357	0.004150	9.729840E-5
1600.000000	5.382320E-5	-1.209980E-5	0.597172	0.004517	9.013015E-5
1650.000000	4.553820E-5	-8.821550E-6	0.520634	0.004761	8.746682E-5
1700.000000	2.050410E-5	-3.755110E-6	0.213868	0.001709	9.587269E-5
1750.000000	4.589590E-6	-1.370910E-6	0.041199	0.000244	0.000111
