800.000000	8.225500E-6	-1.013290E-6	0.046753	-0.001587	0.000176
850.000000	1.931200E-5	-1.609330E-6	0.099060	-0.003052	0.000195
900.000000	4.237910E-5	-3.457080E-6	0.204835	-0.005920	0.000207
950.000000	8.422180E-5	-5.543260E-6	0.337465	-0.012451	0.000250
1000.000000	0.000113	-5.841280E-6	0.464602	-0.013000	0.000243
1050.000000	0.000110	-8.344690E-7	0.496157	-0.002686	0.000221
1100.000000	0.000130	1.788150E-7	0.626163	-0.004700	0.000208
1150.000000	0.000130	5.960510E-8	0.665531	-0.002014	0.000195
1200.000000	0.000126	-1.609330E-6	0.698185	0.000488	0.000180
1250.000000	0.000115	-3.218670E-6	0.703007	0.002319	0.000164
1300.000000	0.000108	-6.020100E-6	0.727482	0.003296	0.000148
1350.000000	8.666560E-5	-8.583130E-6	0.636234	0.002197	0.000136
1400.000000	5.728030E-5	-7.808270E-6	0.454836	0.004639	0.000126
1450.000000	6.532720E-5	-1.245740E-5	0.593021	0.004456	0.000110
1500.000000	7.003590E-5	-1.627220E-5	0.672855	0.003845	0.000104
1550.000000	6.282380E-5	-1.549730E-5	0.648991	0.004089	9.680227E-5
1600.000000	5.358480E-5	-1.204020E-5	0.596928	0.004517	8.976761E-5
1650.000000	4.494210E-5	-8.285100E-6	0.520512	0.004761	8.634210E-5
1700.000000	2.056370E-5	-4.291560E-6	0.214234	0.001709	9.598710E-5
1750.000000	4.351170E-6	-1.072890E-6	0.041260	0.000244	0.000105
