800.000000	1.180180E-5	-1.549730E-6	0.063111	-0.002136	0.000187
850.000000	1.943120E-5	-1.788150E-6	0.099854	-0.003052	0.000195
900.000000	4.267720E-5	-3.278270E-6	0.205079	-0.005920	0.000208
950.000000	8.457950E-5	-6.139310E-6	0.337954	-0.012451	0.000250
1000.000000	0.000113	-5.722080E-6	0.465029	-0.013000	0.000243
1050.000000	0.000112	-9.536820E-7	0.502750	-0.001282	0.000223
1100.000000	0.000130	4.768410E-7	0.624027	-0.004334	0.000208
1150.000000	0.000129	-5.960510E-8	0.662907	-0.001770	0.000195
1200.000000	0.000126	-1.311310E-6	0.695866	0.000610	0.000181
1250.000000	0.000116	-2.503410E-6	0.700382	0.002563	0.000165
1300.000000	0.000109	-5.781680E-6	0.724430	0.003296	0.000150
1350.000000	8.797690E-5	-9.238780E-6	0.633610	0.002014	0.000139
1400.000000	5.793590E-5	-8.761940E-6	0.452700	0.004456	0.000128
1450.000000	6.651920E-5	-1.335150E-5	0.590397	0.004334	0.000113
1500.000000	7.188370E-5	-1.746430E-5	0.670963	0.003784	0.000107
1550.000000	6.455230E-5	-1.657020E-5	0.647404	0.003967	9.970945E-5
1600.000000	5.507490E-5	-1.263620E-5	0.595585	0.004272	9.247194E-5
1650.000000	4.625340E-5	-8.881150E-6	0.519291	0.004517	8.907029E-5
1700.000000	2.080210E-5	-3.874330E-6	0.213380	0.001587	9.748852E-5
1750.000000	4.589590E-6	-1.370910E-6	0.041077	0.000244	0.000112
